39	52	62
2	24	34
39	28	44
32	44	59
22	30	40
17	31	41
20	32	44
19	32	42
32	32	42
3	33	46
15	34	48
29	34	44
34	41	62
24	37	57
33	39	49
4	38	48
30	38	48
37	40	50
16	40	50
27	45	56
28	43	53
2	44	54
13	44	54
25	45	55
40	46	58
26	47	66
23	48	63
35	48	58
25	56	66
21	50	61
17	51	61
16	53	63
0	53	63
4	53	66
37	53	63
36	53	63
9	55	74
15	61	72
2	59	72
8	59	69
39	63	73
14	62	72
3	64	74
38	64	74
24	63	73
7	63	73
33	65	92
27	65	75
5	68	78
11	68	78
40	68	78
6	69	79
21	70	81
23	69	80
12	86	102
29	72	82
17	73	93
18	74	84
24	76	86
41	75	85
35	75	86
7	76	86
2	76	86
14	78	88
10	88	102
37	79	89
36	84	104
6	84	101
27	86	96
16	85	95
32	87	97
22	90	100
38	90	100
24	93	105
3	94	104
30	95	105
15	103	123
13	99	116
8	100	110
0	100	110
11	101	111
22	102	116
5	103	113
30	107	117
38	115	129
40	108	118
10	112	122
3	113	123
14	115	125
37	118	128
8	120	130
28	120	130
27	123	133
20	125	135
10	124	134
16	127	137
7	128	138
36	129	139
32	134	144
38	135	154
35	137	147
37	141	151
14	142	152
25	143	158
1	144	154
34	143	155
21	151	161
7	153	163
4	154	164
0	154	164
19	155	165
36	159	169
1	161	171
23	161	180
28	162	172
15	166	176
17	167	177
8	178	188
12	186	196
25	186	196
31	188	198
13	191	210
3	192	202
15	198	209
36	194	204
41	194	204
20	199	209
14	200	219
17	206	216
29	203	213
31	204	214
5	237	247
24	208	218
1	209	219
25	208	218
7	208	218
9	209	219
5	211	221
23	217	238
11	218	228
23	281	296
32	220	232
41	233	243
8	224	234
18	225	243
37	226	236
1	229	239
28	233	245
30	233	243
39	238	248
38	237	247
32	242	252
40	242	259
27	242	252
36	243	253
8	244	254
22	246	256
34	245	255
16	245	255
26	247	257
40	266	282
33	251	275
41	253	263
3	251	261
10	257	269
31	255	265
9	255	265
39	256	266
4	258	274
29	257	267
37	276	289
17	259	269
34	259	277
19	261	271
12	262	272
23	263	278
21	263	273
11	268	278
40	300	328
27	267	277
16	268	278
6	268	286
0	267	287
18	269	279
3	269	279
24	269	299
41	271	295
17	271	281
31	275	287
33	278	328
2	274	291
12	277	287
10	279	289
1	280	290
15	280	290
32	279	289
29	313	342
35	280	290
18	281	305
17	284	297
38	284	294
21	285	307
25	317	361
40	286	296
36	293	305
6	287	300
22	286	296
19	294	304
11	288	301
8	289	299
28	329	355
28	290	319
1	291	301
0	291	301
39	291	301
26	293	303
9	292	302
37	293	360
16	295	339
29	296	306
14	296	307
38	298	325
10	307	341
7	297	307
35	298	308
41	299	311
32	299	316
31	299	309
5	304	361
20	301	317
27	308	357
25	301	311
8	301	311
17	308	327
0	304	320
34	309	328
15	304	349
24	307	322
8	326	349
13	308	343
36	309	329
35	309	330
22	315	327
39	312	340
6	311	321
11	312	371
19	312	342
30	313	364
12	313	336
18	315	325
21	315	365
2	316	348
24	323	354
26	318	341
32	317	333
14	318	341
1	318	345
6	326	359
23	318	328
9	319	329
4	319	343
0	326	350
20	328	354
18	331	351
7	326	364
3	324	349
40	330	352
41	327	349
23	329	343
36	330	346
5	393	403
9	330	340
33	331	342
22	333	343
32	335	345
35	335	345
34	338	348
17	338	351
29	344	363
12	340	350
16	341	380
38	343	353
10	343	353
4	344	356
26	343	355
33	354	371
19	344	354
9	344	357
22	350	378
32	347	359
1	348	362
8	354	364
31	351	361
17	352	362
36	354	368
10	355	396
39	355	373
14	357	367
38	358	368
2	358	368
40	359	376
20	358	370
15	358	368
37	362	372
25	363	375
28	364	374
29	364	374
17	363	380
5	369	382
35	366	376
12	367	377
3	368	379
15	370	381
7	379	389
1	380	390
39	375	386
20	377	387
18	380	396
0	380	390
4	383	397
16	386	396
29	381	391
16	409	419
25	390	402
9	384	394
15	386	396
13	386	397
33	388	398
6	389	399
22	389	399
11	391	403
7	394	404
27	395	405
23	396	410
15	397	407
14	398	408
5	407	417
3	434	444
29	402	412
36	401	411
6	403	413
4	403	419
10	405	415
21	404	421
2	410	420
18	412	422
22	412	422
12	415	426
20	416	435
34	416	426
8	416	426
27	417	427
10	430	440
4	422	441
35	425	435
29	425	435
32	427	437
38	429	439
16	431	446
15	432	442
34	432	442
31	434	444
0	435	448
41	438	448
2	442	456
18	442	452
21	444	454
24	446	456
39	445	455
23	455	473
8	460	475
14	450	460
34	449	466
26	451	467
0	455	475
36	460	471
9	458	468
19	461	471
40	465	475
7	461	474
39	462	485
29	462	472
37	462	472
10	464	474
21	467	477
4	469	479
5	469	479
38	470	480
19	474	490
36	477	487
37	478	488
35	477	487
3	477	487
21	478	491
15	480	498
34	485	509
0	484	494
14	486	496
27	488	498
23	489	499
40	491	506
26	494	504
0	499	509
4	500	510
33	525	579
9	499	519
21	501	517
6	501	511
27	509	519
18	505	515
32	507	517
37	528	538
3	511	524
22	512	522
40	517	528
2	514	524
7	516	526
17	517	527
0	516	526
23	520	533
13	518	530
6	521	553
35	520	530
36	521	534
10	522	532
26	522	532
32	522	540
1	524	534
14	524	534
28	525	535
30	526	536
19	527	537
2	527	537
15	536	555
26	565	586
31	530	550
18	532	542
41	531	541
11	532	542
29	534	544
35	534	547
36	535	545
16	536	556
20	536	546
8	536	546
7	535	569
17	536	556
0	540	550
10	544	562
27	544	554
9	546	558
25	547	557
24	547	557
36	549	559
14	550	565
19	549	559
2	550	560
1	552	562
24	558	568
39	555	565
4	555	565
35	556	573
23	555	565
0	558	568
9	559	569
17	562	572
5	561	571
21	562	572
12	564	578
22	566	576
6	596	617
31	567	577
34	569	579
11	568	578
0	570	580
16	572	582
5	573	583
10	573	583
14	574	584
21	576	586
20	576	586
17	577	587
18	577	587
28	579	598
9	581	594
6	581	591
15	581	591
3	583	593
41	585	595
2	586	596
23	586	596
29	587	597
16	590	606
33	590	603
22	590	613
31	591	603
28	599	619
30	593	603
15	592	602
13	595	605
25	595	608
10	596	613
34	596	606
5	602	614
32	597	607
1	598	608
3	601	611
39	601	611
41	603	613
14	603	613
33	604	614
15	604	614
11	605	615
26	605	616
29	606	616
18	607	617