38	57	85
34	36	72
19	38	55
31	46	58
32	23	35
22	24	48
39	45	62
11	40	56
27	31	44
21	29	42
3	29	41
26	29	82
30	30	42
40	31	47
2	30	42
25	31	43
4	31	43
13	32	66
29	33	45
1	33	53
15	34	46
17	34	51
20	34	48
37	34	54
0	36	48
7	35	47
36	35	64
12	35	62
5	36	49
35	37	63
41	41	62
0	56	86
14	40	52
23	43	55
3	42	54
33	43	61
32	45	67
16	45	60
2	46	58
40	46	73
4	47	65
7	47	69
18	48	60
9	49	64
21	51	72
29	52	64
10	52	64
3	53	65
24	55	68
17	56	78
28	57	69
14	58	73
11	60	75
20	60	84
8	60	87
5	61	74
19	62	74
6	62	91
33	63	109
12	63	94
18	66	83
25	65	77
36	65	83
37	66	78
27	66	92
30	66	88
13	68	91
4	67	89
10	69	82
32	74	97
2	72	103
16	72	90
21	73	85
29	73	93
39	72	84
34	74	111
31	73	93
35	73	100
40	75	87
11	75	87
23	74	93
3	77	95
19	77	95
1	76	88
25	78	97
41	80	92
28	83	102
20	84	96
39	84	97
38	84	98
10	85	103
21	85	97
30	87	107
22	90	108
14	90	109
16	89	119
17	91	103
11	92	104
9	91	103
27	94	111
26	95	107
12	94	106
5	94	112
6	96	117
41	98	110
0	96	116
25	97	110
38	103	115
36	103	115
3	105	117
9	103	115
39	106	118
33	111	137
20	107	119
23	108	120
2	108	124
7	108	124
32	116	130
31	109	131
25	112	125
17	119	136
14	113	125
18	117	139
4	115	128
13	116	131
40	116	141
26	120	150
6	118	130
22	119	131
1	119	131
12	123	151
24	123	140
19	122	134
27	123	135
11	125	137
4	129	141
28	131	156
41	131	143
17	135	147
32	139	157
6	147	163
10	138	150
18	140	152
19	139	151
36	142	154
41	142	154
22	142	154
35	144	156
39	144	156
13	146	173
17	147	159
1	147	159
2	162	177
23	148	160
2	149	162
38	151	172
26	151	169
14	152	178
4	154	167
16	156	168
12	157	169
5	156	168
0	166	193
27	158	170
34	160	172
10	165	177
7	167	179
28	169	181
29	169	181
39	169	181
11	170	195
27	172	184
34	173	185
41	175	200
31	178	190
32	183	195
9	180	192
14	181	193
1	182	194
27	187	199
23	189	201
36	203	217
33	190	202
37	190	208
7	198	210
18	195	211
12	198	210
3	196	208
9	196	208
20	197	209
8	210	254
5	212	232
27	207	241
0	200	212
4	201	222
30	203	215
38	204	225
39	206	218
28	206	218
1	209	221
37	214	228
0	213	225
29	215	227
20	216	228
31	221	234
16	217	229
17	219	233
35	218	230
24	221	235
14	221	233
13	223	235
32	222	240
9	222	234
12	223	235
7	226	243
3	231	246
21	227	239
36	231	243
24	245	271
34	230	242
23	230	242
19	230	250
26	233	249
28	234	246
16	234	246
17	233	245
22	234	246
41	235	248
5	236	248
33	244	256
10	237	259
13	240	252
29	240	258
38	290	318
39	242	254
18	241	253
31	242	262
12	243	264
4	244	256
34	249	261
36	245	264
27	250	262
0	245	257
2	247	259
41	247	268
19	249	261
20	248	270
11	250	262
23	250	262
28	258	271
32	252	264
35	253	274
19	263	275
37	256	268
3	255	267
21	255	267
22	255	350
29	257	274
15	261	284
27	261	282
10	262	274
34	262	277
40	263	289
30	264	288
1	262	274
17	262	313
9	263	275
11	265	282
4	267	279
13	268	280
0	268	280
7	268	289
5	268	352
38	270	282
18	270	308
25	272	286
14	272	292
41	271	355
6	273	291
24	275	294
16	274	286
35	274	291
20	274	286
16	310	344
21	273	299
19	278	294
7	291	312
32	281	294
33	278	290
39	278	296
29	280	302
0	280	301
4	313	335
12	280	292
34	280	292
37	301	347
2	282	299
4	285	313
3	310	375
25	285	298
23	285	297
13	284	296
1	285	372
31	286	325
8	284	304
36	284	296
10	286	298
27	293	310
16	288	310
3	288	309
40	289	351
20	289	362
15	290	303
12	292	334
39	296	357
9	292	304
6	293	353
28	304	321
13	299	353
32	295	313
14	294	306
18	312	365
11	307	372
15	312	357
36	297	309
33	297	394
26	299	378
34	298	320
0	300	316
25	305	356
8	303	315
30	436	448
2	304	355
9	305	373
30	305	385
27	313	357
19	305	368
14	307	341
35	307	360
29	307	359
21	309	351
0	315	377
10	312	349
24	312	340
7	314	350
32	314	371
36	314	339
38	318	360
23	317	346
8	316	384
31	326	366
28	322	363
17	320	356
34	322	366
27	356	395
4	334	349
14	340	361
24	346	378
23	345	376
36	345	377
16	346	379
37	350	362
22	350	362
10	351	388
4	351	367
12	352	374
5	351	370
7	353	365
21	354	366
39	356	375
29	358	377
33	414	450
6	360	386
25	360	372
40	360	372
15	362	381
14	363	375
22	363	375
31	368	385
37	367	382
17	366	378
2	368	380
20	368	380
5	371	399
18	370	382
35	371	383
19	371	387
25	372	384
1	372	384
41	384	396
9	375	400
14	376	391
4	376	389
34	376	388
30	414	435
0	380	392
36	380	392
19	423	438
3	381	393
23	383	395
16	384	396
1	383	401
21	384	396
19	386	398
34	387	399
32	387	417
26	389	401
20	390	403
29	390	402
28	389	401
35	421	433
6	449	461
36	392	412
14	394	406
10	394	407
15	395	407
18	396	408
4	398	418
40	398	410
27	397	409
0	399	423
22	406	418
21	402	414
33	403	415
25	405	417
9	454	483
26	406	418
24	407	425
14	409	424
3	409	421
34	409	421
40	411	423
27	411	423
41	446	459
7	411	423
28	419	431
5	415	440
8	415	427
31	417	429
41	417	429
29	420	432
6	424	440
0	424	436
8	426	438
4	426	438
22	434	446
10	425	439
15	427	443
23	427	440
17	427	439
14	429	448
34	429	441
9	430	442
28	430	452
25	436	466
16	437	449
13	432	447
41	433	445
20	436	448
1	435	457
39	435	447
36	435	447
3	437	449
37	437	459
4	437	449
9	443	455
18	440	452
24	440	452
21	444	465
8	444	466
0	443	455
40	445	457
17	446	467
26	446	458
19	530	554
27	449	461
14	448	460
24	452	464
23	453	465
39	455	467
36	454	466
38	458	470
33	457	479
10	462	501
2	462	474
4	461	473
34	461	473
29	461	473
0	461	473
16	463	475
37	472	495
1	466	478
13	467	479
3	468	480
28	470	484
18	470	482
27	470	482
34	472	484
12	473	490
35	473	485
40	478	495
25	476	488
0	475	498
39	476	488
7	475	487
11	477	489
38	477	489
13	478	490
26	478	490
6	477	490
2	481	493
29	483	504
31	484	496
34	485	497
35	486	498
20	486	498
14	492	521
17	488	516
11	489	508
8	491	503
9	491	503
24	491	519
28	493	505
41	495	536
3	492	514
5	494	506
36	494	506
12	496	526
6	496	508
7	499	512
16	498	510
31	500	519
19	501	513
8	506	525
33	501	513
1	501	536
25	503	515
15	503	515
16	514	529
39	507	526
32	508	540
2	513	526
20	560	572
20	512	533
10	512	531
26	513	537
37	514	555
33	515	530
0	515	536
34	514	526
30	515	534
27	515	538
19	516	528
28	518	530
36	518	539
11	518	536
7	519	531
18	518	552
6	518	543
29	523	547
13	522	554
14	529	543
21	525	555
5	535	553
23	525	537
8	529	548
31	527	589
12	527	545
2	528	543
34	566	578
4	530	554
3	534	552
17	530	542
7	532	573
21	571	589
35	533	559
28	533	545
10	533	569
25	535	565
15	534	546
39	534	546
11	535	553
16	535	558
23	539	554
27	538	552
33	539	553
20	539	551
24	538	550
36	541	566
0	543	555
26	542	554
11	599	611
17	544	556
14	546	558
32	545	557
9	547	560
12	555	599
6	548	560
22	548	560
34	549	561
40	552	564
3	552	564
41	553	571
29	553	575
8	553	582
2	552	564
39	552	581
13	553	581
38	553	565
19	555	567
18	556	568
37	556	573
27	556	614
0	558	573
28	558	570
14	559	571
15	558	570
17	559	578
11	563	575
35	560	582
34	591	619
3	563	587
2	563	583
23	562	585
5	562	578
26	564	576
22	563	587
1	564	578
33	566	588
4	605	618
36	574	589
30	566	588
18	568	584
32	569	620
28	571	621
24	569	583
38	569	586
4	574	592
14	571	583
37	572	584
15	572	584
13	598	617
25	574	593
40	577	589
16	579	591
20	579	598
17	579	599
37	583	601
15	585	598
23	586	605
5	598	621
33	587	599
5	587	599
0	587	618
35	587	603
1	588	600
40	590	603
24	589	603
19	590	609
36	593	609
30	597	610
2	593	620
39	591	611
9	590	602
38	594	619
21	593	615
7	594	606
14	595	609
18	595	607
8	596	608
3	598	612
31	609	621
10	603	619
41	598	610
15	599	620
16	605	618
6	601	617
12	603	620
40	602	614
29	605	617
17	605	617
9	604	618
35	606	618
25	605	619
24	606	618
37	607	619
7	608	620
33	609	621
30	609	621