32	50	63
35	21	29
5	62	73
39	28	36
18	44	76
38	28	60
25	29	52
17	29	37
0	29	57
7	67	89
28	30	38
26	31	39
5	32	40
21	38	64
37	33	47
24	33	57
36	36	76
9	34	42
16	34	42
15	34	48
35	39	57
11	37	45
14	37	45
1	40	51
22	37	50
23	37	45
12	39	47
19	38	46
26	48	56
14	48	60
31	42	54
6	42	61
27	43	51
2	42	96
28	43	58
19	49	60
10	43	51
40	48	58
5	48	56
34	57	69
16	47	55
4	47	55
30	48	56
23	70	80
3	57	75
11	52	70
8	53	64
27	54	68
39	55	64
37	54	69
20	54	78
10	55	63
9	55	72
33	57	68
31	58	66
16	60	74
24	61	84
6	73	88
12	62	83
35	62	80
27	72	86
13	64	72
10	66	86
19	66	77
38	67	84
41	66	74
29	67	83
40	68	81
21	68	78
15	69	79
34	73	81
37	75	95
39	75	84
22	76	84
26	79	93
1	79	87
32	79	87
0	81	89
13	82	95
33	80	98
3	82	90
16	82	90
28	83	91
30	83	104
41	84	92
17	83	91
8	85	93
36	86	101
38	87	95
14	87	95
29	88	116
21	88	96
18	88	107
31	88	97
24	90	99
0	94	102
5	91	105
10	90	98
16	93	101
32	94	108
41	97	105
11	95	103
7	95	107
6	96	104
34	96	104
26	98	107
15	97	105
3	98	106
39	98	106
13	98	116
28	101	120
35	101	110
24	102	135
10	102	120
9	103	111
25	104	112
8	105	113
2	105	113
35	167	189
31	105	113
19	105	113
11	106	114
40	107	115
6	109	117
7	113	126
34	114	124
0	115	123
22	116	124
41	117	125
25	120	128
26	125	136
4	124	132
15	124	141
2	124	132
3	125	135
29	129	137
0	151	170
10	130	139
27	131	139
1	130	145
17	134	144
19	135	143
7	136	154
38	139	147
25	141	149
30	141	149
9	141	149
39	143	163
32	142	152
21	143	166
18	145	153
40	148	164
15	154	162
38	150	165
19	149	157
12	153	163
25	153	161
41	153	161
27	153	161
16	152	164
23	153	161
22	157	165
14	248	289
5	159	171
11	159	167
13	159	179
6	160	175
32	162	170
36	167	199
33	163	171
24	165	173
37	166	174
1	165	173
25	168	198
4	169	177
7	173	181
3	174	182
12	174	182
14	173	181
2	175	200
29	175	188
12	217	225
18	180	188
39	180	196
6	181	196
40	183	191
4	221	229
3	185	193
38	188	196
29	193	203
17	189	197
37	190	198
30	190	198
27	202	214
31	193	209
16	194	202
24	194	202
4	197	205
33	201	216
34	197	205
15	197	205
3	198	212
11	201	219
39	201	209
22	201	212
38	202	227
21	203	211
36	202	210
5	206	215
11	245	253
14	208	222
40	206	230
25	208	216
2	210	220
4	210	218
23	211	219
10	213	221
33	236	252
13	261	276
37	214	222
13	214	222
9	216	224
0	217	225
26	217	225
34	218	226
6	229	253
41	220	228
28	221	230
16	227	237
24	224	232
8	225	239
39	224	232
14	228	236
7	228	236
0	230	238
12	231	251
22	232	240
34	232	240
38	243	253
40	233	256
19	233	241
28	239	247
30	236	244
17	238	254
5	240	248
26	239	247
9	240	248
36	240	262
21	240	248
34	243	254
2	243	266
7	276	284
25	248	256
32	248	257
22	247	258
39	248	268
13	250	258
12	257	287
23	252	270
18	253	268
3	255	263
8	254	280
41	256	264
0	257	265
11	257	276
19	256	264
20	258	288
15	258	266
38	257	265
10	258	266
25	262	271
18	276	368
7	264	272
1	264	272
28	264	281
17	264	272
30	265	273
26	295	305
37	266	275
31	267	284
9	267	287
5	268	279
36	268	276
27	268	276
41	268	276
2	269	297
38	268	276
19	270	311
3	271	279
16	270	290
26	272	285
37	301	350
29	298	334
6	272	280
34	272	291
23	274	290
39	275	283
15	275	283
25	276	290
8	306	357
0	283	294
32	276	324
1	278	286
33	295	376
41	280	288
38	287	385
30	281	289
36	285	305
21	282	360
40	283	300
37	284	296
16	296	348
4	284	367
28	286	308
15	286	300
10	295	345
24	290	340
22	288	302
32	330	362
13	291	348
1	296	304
35	312	345
17	294	302
7	294	302
14	294	304
26	310	323
31	295	359
12	297	359
0	298	349
30	298	371
34	299	368
5	298	308
2	300	308
27	299	362
14	307	350
23	301	309
35	301	309
41	302	316
9	304	340
36	310	341
39	304	382
20	305	314
25	309	352
17	305	359
3	307	315
22	308	316
1	307	364
6	311	368
2	312	335
28	313	366
15	312	357
11	313	369
19	317	331
7	316	346
40	315	362
22	320	356
5	318	350
3	318	358
26	327	340
23	319	363
41	324	332
20	324	346
19	334	359
2	341	362
24	343	373
41	337	345
9	343	352
26	344	362
29	345	362
8	362	370
36	347	380
35	348	356
0	352	370
10	351	362
20	353	361
25	355	384
5	358	366
7	357	367
13	357	370
9	357	365
41	358	366
16	362	388
9	369	377
22	362	370
17	363	371
21	363	382
3	365	380
12	364	380
27	371	379
37	365	382
32	365	373
26	374	408
14	369	395
23	370	384
4	370	384
15	370	399
7	375	386
19	370	378
18	371	379
13	373	381
5	385	397
1	380	388
32	380	392
6	380	405
8	380	388
10	382	399
40	383	391
33	383	391
24	383	393
28	383	391
11	385	400
12	385	405
41	387	395
34	386	394
22	386	394
18	387	395
20	389	397
31	388	403
8	391	400
1	392	400
33	394	402
9	394	402
4	406	414
2	396	404
30	426	436
23	397	416
27	397	414
34	397	414
41	398	406
24	397	410
21	397	405
38	398	406
19	400	408
40	400	409
14	403	437
29	403	411
32	406	422
7	406	416
13	408	416
19	418	435
1	409	417
9	411	419
0	411	419
41	413	422
36	413	421
22	415	428
15	416	430
18	417	425
0	423	431
33	417	426
26	419	435
40	419	427
35	422	443
6	421	429
28	425	435
23	424	432
17	423	431
3	425	438
5	425	442
34	426	434
36	424	432
2	425	433
8	425	438
11	426	434
10	427	435
41	429	437
7	428	443
37	430	439
38	433	441
22	433	450
26	466	492
27	433	441
17	435	443
12	435	443
32	435	443
20	437	445
13	437	445
39	437	445
16	438	452
15	437	445
32	538	549
3	446	456
9	439	447
40	440	448
4	442	450
34	441	458
8	444	457
26	445	453
28	445	453
36	445	453
31	445	457
27	445	453
25	445	457
38	447	455
36	470	511
29	448	462
21	448	456
7	451	464
1	451	459
11	459	470
35	458	466
25	461	471
37	461	469
17	463	471
13	464	472
9	464	480
37	509	540
30	466	474
14	465	483
20	466	474
34	466	474
2	467	475
23	468	506
27	468	476
33	469	488
41	469	477
18	471	479
28	472	480
7	471	486
40	472	480
0	474	482
22	476	497
32	482	491
8	481	489
15	476	484
5	478	486
27	481	489
12	483	507
6	483	491
25	485	518
30	483	491
31	485	493
17	484	492
38	486	494
20	487	503
11	492	503
41	487	495
2	488	496
9	499	507
3	491	499
5	493	516
30	494	502
13	501	509
19	496	508
40	504	538
37	497	505
31	497	515
0	497	505
21	499	509
28	499	507
27	500	559
2	500	508
8	501	509
1	501	509
17	500	508
7	506	514
16	502	510
34	505	514
28	564	596
28	519	538
32	506	514
35	507	515
3	507	525
20	507	515
15	514	548
1	512	520
24	514	532
13	513	521
2	542	550
16	515	523
8	515	533
22	516	524
17	519	527
14	518	535
23	517	531
30	518	526
20	520	554
26	519	527
21	521	531
36	521	536
7	527	537
33	521	529
39	522	540
9	522	545
18	522	530
25	527	551
10	525	538
2	553	563
32	526	534
24	537	574
36	540	558
0	529	537
1	564	578
2	531	539
29	530	538
12	531	539
26	532	546
41	532	556
33	532	540
11	532	541
22	532	540
21	534	542
10	546	559
19	533	541
18	535	547
4	535	567
38	534	552
6	536	553
17	537	550
1	597	605
29	544	570
31	541	556
7	541	551
14	541	565
16	543	551
8	543	551
19	544	552
12	543	551
15	551	561
11	544	552
23	545	572
28	545	553
33	546	560
0	548	561
35	549	558
5	550	570
34	549	557
1	551	559
30	552	569
21	552	566
38	555	582
11	555	570
25	556	564
17	557	567
19	558	574
22	557	565
8	560	573
13	560	568
18	559	576
20	564	575
15	564	572
27	562	589
40	564	572
33	564	575
26	563	571
12	563	579
7	564	572
10	564	581
6	566	594
9	566	575
39	566	578
40	585	611
32	568	581
3	569	594
25	569	577
15	576	591
4	570	616
31	571	602
13	571	590
36	571	579
35	571	579
29	573	595
37	573	594
34	574	585
0	575	609
2	579	587
22	578	586
8	578	586
21	580	588
30	580	602
9	583	591
1	583	591
33	583	594
23	584	592
41	586	604
11	587	611
20	587	595
17	588	596
8	590	617
5	591	599
26	594	607
38	591	599
13	596	609
22	591	606
10	596	604
3	599	608
35	595	603
9	596	613
34	601	609
37	597	616
12	598	606
7	597	605
32	604	613
6	598	610
27	599	614
21	602	614
19	602	610
2	603	611
39	604	613
25	603	611
35	607	617
20	606	617
16	605	613
28	607	615
33	607	617
31	609	617
10	609	617
17	609	617
36	608	617
29	609	617