36	29	35
11	21	31
37	38	53
40	24	30
35	26	32
38	29	35
25	29	35
34	31	37
41	64	70
31	32	38
16	33	39
3	34	44
21	35	41
3	56	69
28	36	42
25	52	73
12	37	43
23	38	45
0	38	59
30	38	48
7	39	45
38	42	57
19	41	47
26	52	58
11	43	52
15	44	50
6	45	51
29	49	55
1	51	57
12	52	58
16	52	60
4	52	61
27	55	73
20	55	61
9	55	71
23	56	62
33	56	62
19	57	65
28	57	63
39	63	69
10	63	71
2	60	66
21	63	69
17	64	71
40	66	78
33	70	81
4	68	74
1	68	74
31	67	73
13	69	83
38	68	84
36	70	78
37	73	79
34	87	93
29	73	79
16	72	78
11	74	80
8	75	81
3	75	81
23	75	81
17	77	83
25	78	84
35	79	101
18	79	94
41	79	85
4	83	89
9	85	91
32	86	92
39	89	95
11	89	95
22	89	95
1	91	97
38	91	97
27	93	99
20	93	109
14	94	104
32	102	108
23	101	107
21	98	137
3	99	105
2	104	110
22	104	113
38	105	111
15	106	112
24	108	114
12	108	114
7	111	117
8	110	116
26	112	118
12	121	127
1	116	122
8	128	141
31	116	122
37	117	123
0	119	125
24	122	128
27	122	128
15	125	131
20	126	132
14	126	132
41	128	134
11	130	136
10	131	137
34	129	135
2	134	140
7	136	142
37	136	142
34	140	146
20	139	145
2	145	151
28	146	152
25	154	171
8	148	154
4	151	167
26	153	159
24	157	163
39	159	165
13	159	165
1	160	166
33	167	176
11	168	174
10	164	170
28	167	173
37	173	179
29	174	181
32	178	184
8	182	188
9	187	193
3	188	194
31	188	202
1	194	200
7	193	199
26	195	208
12	202	208
17	198	204
11	199	205
28	206	213
15	200	206
29	201	208
33	202	208
3	207	213
8	204	210
16	206	222
37	207	213
2	208	214
39	208	214
10	210	216
40	210	216
36	212	218
41	213	219
20	214	220
31	215	224
26	215	221
29	216	222
38	215	231
12	258	267
13	220	226
14	222	228
33	223	229
20	228	234
30	224	230
0	224	230
2	226	240
25	228	234
40	230	240
3	231	237
26	238	244
19	233	246
32	233	239
38	236	266
7	256	271
35	236	253
39	236	242
41	238	261
22	239	253
36	239	245
25	239	245
1	241	247
0	243	249
7	243	249
17	248	254
21	247	253
37	249	255
33	249	255
3	281	295
11	251	260
29	254	268
2	258	272
19	253	259
26	253	263
27	255	261
4	258	268
1	256	262
15	257	263
23	257	263
3	258	264
16	258	264
22	260	266
0	315	329
32	261	273
18	265	271
13	265	271
22	271	281
19	267	280
6	267	273
24	266	278
11	267	273
4	278	291
5	274	280
15	271	277
20	272	278
41	273	298
21	274	284
35	276	284
30	276	306
6	291	303
28	274	280
6	331	339
38	276	282
12	279	285
9	278	284
20	288	299
13	281	297
37	287	293
6	280	286
32	282	288
26	284	290
10	285	291
34	284	298
5	292	304
7	287	303
14	287	293
0	290	299
9	297	341
36	290	311
35	291	297
1	291	353
39	291	307
18	292	343
29	292	306
31	292	301
12	296	302
8	327	345
17	295	301
26	296	316
4	299	345
23	300	306
27	301	322
41	303	353
24	301	317
33	314	343
3	304	310
19	306	351
40	307	333
31	308	314
20	316	332
22	310	326
11	308	316
17	309	315
29	312	337
13	310	324
15	311	317
10	335	365
23	312	318
16	314	331
35	311	317
10	313	330
34	316	326
25	321	346
5	314	365
7	316	335
6	313	322
8	313	319
39	315	321
15	350	362
15	322	329
32	316	354
22	332	341
28	318	325
40	342	348
14	319	332
30	346	376
21	320	329
36	320	326
38	320	340
37	320	356
31	321	376
23	323	351
12	323	329
11	325	331
17	329	351
24	327	333
27	329	352
39	329	346
30	330	336
22	364	370
3	332	346
2	333	351
34	333	339
12	336	356
21	335	341
11	337	343
0	338	368
28	338	366
24	338	358
29	342	362
26	339	345
16	343	357
20	342	358
7	343	360
38	346	363
13	346	374
21	347	361
14	347	353
36	347	361
34	351	361
26	351	376
18	350	356
39	361	378
25	355	361
35	355	361
3	356	362
11	358	364
17	359	381
14	361	367
1	361	367
16	363	369
6	363	370
37	373	379
20	368	379
38	370	376
12	371	381
27	372	381
2	372	388
7	374	380
1	374	380
25	388	397
41	380	386
10	376	382
36	378	384
18	379	385
29	379	393
38	384	390
15	386	392
34	389	405
27	388	402
16	389	395
35	390	396
1	390	396
28	391	397
0	391	397
17	393	399
15	398	404
23	398	404
5	400	410
41	400	406
0	404	411
24	401	407
38	404	411
13	411	417
17	404	410
18	409	415
34	410	416
41	416	425
27	415	432
14	415	421
39	417	423
21	418	424
6	419	425
11	423	429
20	424	430
19	426	435
33	427	438
1	428	434
28	427	433
12	431	442
36	431	437
16	431	443
14	431	450
15	431	437
8	433	439
26	432	438
30	433	439
21	435	441
9	436	442
40	471	477
39	437	443
19	441	447
40	442	448
7	442	448
6	446	452
11	446	452
24	448	454
28	449	455
25	449	455
35	450	456
41	454	464
15	452	458
10	452	458
14	486	495
5	457	463
20	455	467
6	458	464
40	458	465
37	461	467
11	460	466
14	463	471
30	462	468
12	468	486
36	465	471
38	467	473
33	468	474
18	482	488
17	469	475
6	471	477
35	471	478
11	473	491
26	474	480
23	476	482
33	548	554
0	477	483
41	477	483
16	478	484
22	480	486
8	481	487
31	481	487
30	525	535
28	482	492
24	486	492
1	485	491
38	487	493
13	549	559
26	489	504
41	489	496
0	490	496
15	492	498
22	493	510
32	540	552
21	494	502
20	494	500
4	494	500
29	495	501
2	498	510
30	499	505
36	499	505
24	500	506
22	519	528
23	503	529
31	504	510
1	505	521
0	506	512
33	508	514
16	509	515
35	510	516
17	510	516
39	511	517
41	513	526
12	513	526
24	514	520
9	515	539
7	516	522
0	520	533
36	520	526
16	520	526
40	521	527
2	522	528
27	527	533
13	527	533
37	528	534
38	528	534
3	529	535
1	528	534
33	531	537
11	533	547
5	532	538
24	534	540
8	536	546
2	536	542
12	535	544
22	541	554
36	537	543
16	537	543
6	536	542
17	538	544
31	540	546
7	540	554
40	542	548
15	543	549
28	544	550
23	545	551
27	548	554
14	547	553
19	549	556
18	548	554
24	551	557
30	553	562
4	551	557
34	552	563
15	554	560
32	559	569
6	556	563
20	556	562
5	559	565
23	559	565
22	559	565
9	559	568
26	560	566
31	562	568
35	561	574
2	562	568
37	563	579
8	566	572
36	565	571
19	565	574
7	567	573
28	568	574
41	567	573
24	567	576
17	573	590
27	568	583
40	571	583
1	581	588
26	573	579
9	574	580
16	575	585
33	575	582
39	577	583
2	581	588
22	579	587
38	578	584
7	579	585
13	578	584
8	582	588
29	584	590
23	586	592
14	585	611
21	587	595
20	588	594
32	589	602
15	590	596
7	590	596
4	590	596
31	592	603
39	605	613
36	594	600
35	595	603
33	592	613
39	594	600
18	597	605
41	599	614
5	600	606
34	602	608
15	601	607
19	602	608
22	603	609
27	603	612
28	604	613
4	604	610
23	605	611
24	607	613
25	609	615
3	609	615