5	43	55
2	30	40
32	27	37
5	27	37
13	27	37
1	28	42
4	32	53
31	43	53
12	33	44
25	43	53
35	33	60
9	33	51
6	34	55
17	48	59
30	34	44
22	35	45
8	38	48
29	42	62
32	41	51
36	43	53
33	45	55
0	45	55
3	54	73
14	47	57
11	48	58
23	50	76
9	52	63
30	62	72
2	53	63
38	53	71
20	53	63
8	54	64
40	55	65
27	56	66
13	57	67
24	58	68
21	57	67
15	58	68
18	60	70
31	61	76
9	64	74
22	66	84
34	66	76
19	66	83
35	67	77
36	68	84
27	69	79
13	71	81
21	73	83
29	72	82
25	75	85
16	77	87
6	77	87
23	95	105
17	77	90
32	78	88
1	79	89
14	80	99
24	81	91
10	79	89
28	80	90
9	81	91
15	84	94
0	83	93
27	83	93
11	83	93
7	84	94
41	83	93
29	85	95
25	87	107
33	87	97
6	99	109
16	89	99
9	92	121
12	93	103
35	95	105
40	100	110
0	99	116
36	101	117
38	101	111
28	104	114
35	107	117
14	110	123
3	113	123
24	114	124
19	115	125
23	119	129
21	120	130
36	120	130
31	122	132
0	122	132
29	129	142
34	123	147
35	124	134
40	125	135
26	126	136
5	128	138
19	127	137
33	129	139
2	129	146
7	130	140
21	132	142
9	133	143
15	133	143
31	133	143
24	140	150
23	136	146
5	142	152
6	142	152
0	145	157
30	157	167
25	151	170
17	150	166
18	152	167
40	154	164
24	158	182
34	163	173
38	171	181
27	175	185
14	177	187
18	176	186
31	180	190
23	187	198
9	183	193
16	183	193
32	190	200
0	191	201
41	194	204
10	193	203
5	196	206
38	199	209
40	198	214
2	201	211
36	200	210
17	209	219
8	205	215
39	206	218
14	206	219
23	206	216
4	207	217
13	209	229
12	210	228
21	211	224
9	211	222
34	215	229
10	217	233
20	217	234
32	218	228
36	217	227
28	220	230
7	220	237
39	221	231
17	221	231
0	224	234
22	225	237
21	228	238
24	251	265
26	230	240
14	234	254
35	233	243
28	232	242
9	234	250
31	234	244
38	236	248
23	308	357
32	235	245
19	330	355
21	243	253
15	238	254
11	240	250
22	241	251
39	244	261
17	242	252
26	244	254
10	253	263
4	246	256
29	245	255
23	247	278
41	250	260
37	250	260
8	258	269
11	251	269
33	255	265
2	255	272
0	255	265
9	258	268
31	259	269
30	266	276
14	260	270
38	259	269
32	288	333
3	265	275
32	264	276
39	269	284
17	268	278
13	267	278
5	267	313
25	269	279
21	268	287
1	270	285
7	271	295
15	272	287
16	271	301
26	320	338
41	273	286
34	275	294
20	274	284
0	308	330
37	300	324
26	277	290
6	275	290
36	279	289
9	279	289
8	283	307
27	282	292
35	283	297
22	282	292
19	283	303
11	284	318
1	287	306
39	287	297
37	287	299
41	288	302
31	289	305
26	297	311
38	291	301
23	295	305
5	339	353
21	292	316
3	291	304
13	294	333
0	335	345
27	296	339
30	297	313
18	296	310
25	297	307
40	297	339
9	307	338
24	299	309
21	317	340
14	302	312
15	302	315
2	302	323
22	302	312
39	302	312
12	303	313
33	305	343
10	305	315
28	304	347
31	306	320
35	305	335
38	307	349
19	308	318
29	308	318
35	337	368
25	308	321
8	310	338
3	321	365
36	311	330
6	318	345
20	312	322
16	312	349
18	311	337
14	313	335
34	314	327
7	315	325
22	317	335
30	318	331
39	318	371
12	319	349
4	325	335
15	321	369
17	321	340
31	322	344
1	323	372
2	325	341
10	326	347
25	330	345
37	325	363
19	367	377
34	331	363
20	336	372
7	331	366
29	332	369
11	332	342
41	335	372
32	338	358
14	336	347
30	339	351
24	338	348
21	341	356
36	338	348
11	352	375
18	339	360
40	342	364
8	343	368
22	345	357
2	350	360
36	353	396
25	348	365
16	370	384
27	348	358
13	354	364
33	393	404
26	348	358
12	352	366
14	351	362
30	352	368
6	351	363
33	353	383
38	356	386
17	355	365
2	363	376
32	359	369
24	362	382
5	363	376
22	363	389
18	366	376
17	367	382
21	368	378
23	369	380
32	371	391
8	371	381
4	370	380
13	374	389
7	374	384
14	377	387
34	376	386
5	380	391
31	377	395
19	378	388
6	377	387
40	379	390
2	384	394
32	392	408
35	386	401
17	387	404
7	391	405
14	389	403
39	387	397
11	391	401
13	392	402
25	394	404
38	400	416
12	399	409
9	410	420
8	401	411
16	402	412
30	405	415
15	410	421
24	408	419
5	412	422
7	413	424
34	412	422
17	414	424
21	415	425
6	415	425
14	419	429
13	420	430
30	420	430
1	421	431
27	422	438
3	425	435
36	429	439
7	432	442
39	431	447
26	434	444
9	440	450
5	440	450
2	441	451
37	442	470
41	444	454
8	445	455
12	446	456
34	448	458
23	448	458
3	449	459
16	451	461
22	453	463
30	455	465
1	456	466
9	510	524
32	457	467
17	459	470
23	464	477
21	461	502
14	460	470
7	460	470
8	463	473
38	462	472
26	462	472
34	465	475
9	466	492
3	469	479
10	472	482
12	472	482
35	474	484
20	474	484
19	477	487
0	484	501
6	481	491
11	481	491
29	482	492
23	482	492
4	484	494
17	484	503
16	485	495
2	485	495
3	486	508
28	487	497
38	486	499
35	487	497
5	497	507
10	499	514
8	502	512
39	503	513
25	502	512
27	504	514
35	504	542
30	504	514
4	506	534
41	509	521
15	508	518
19	510	520
37	510	520
13	511	521
33	512	522
14	514	524
39	515	525
3	567	577
0	515	525
25	518	528
34	517	527
18	516	526
32	516	543
31	518	528
2	519	529
28	520	530
15	519	529
8	521	531
19	521	531
41	526	541
23	520	530
30	522	532
22	522	532
40	522	532
29	521	538
11	521	535
38	522	532
9	553	563
14	526	536
16	527	537
9	529	540
5	528	540
28	531	547
23	531	541
27	532	542
30	534	550
20	535	545
7	535	545
1	542	552
8	536	547
17	546	560
36	537	551
3	539	553
37	538	548
22	541	551
38	544	555
41	543	575
24	544	554
11	545	555
26	545	555
32	547	557
29	548	558
14	549	560
25	548	559
2	548	558
23	548	558
32	558	574
10	553	563
33	554	564
31	554	564
7	555	565
36	558	571
26	557	567
6	558	577
20	559	575
35	559	570
29	560	570
13	561	571
0	562	572
30	562	572
12	561	571
5	563	573
21	562	572
19	563	573
14	570	585
4	563	573
25	564	582
18	566	576
37	568	578
38	568	578
8	573	583
1	572	582
28	573	583
4	575	606
15	577	587
32	575	585
40	580	590
34	609	619
17	581	591
14	589	605
11	582	592
30	583	593
31	585	607
22	586	596
5	585	595
29	586	596
16	588	598
20	599	618
8	592	618
16	602	619
30	595	605
2	595	605
24	597	608
38	602	616
29	597	615
40	602	612
22	599	613
21	604	619
5	608	619
15	602	612
36	603	615
13	602	612
25	604	618
26	605	618
7	604	614
0	605	615
27	606	616
35	608	618