9	26	39
25	37	43
19	27	34
11	33	55
35	32	42
13	32	52
14	34	40
23	35	41
18	35	41
0	36	42
0	47	53
33	40	50
2	42	48
19	48	56
34	43	62
8	43	49
31	43	49
38	45	58
18	46	54
1	45	56
37	45	51
27	45	51
17	48	82
21	49	55
9	49	57
41	49	55
40	52	62
32	51	59
10	52	58
37	63	69
4	54	60
39	54	60
14	55	62
25	56	91
29	56	62
26	57	64
15	57	63
7	59	72
18	62	68
28	60	81
26	69	79
1	65	78
10	82	97
33	65	71
38	68	74
40	69	75
13	69	75
36	70	76
11	70	76
6	69	75
9	70	76
29	73	79
30	73	79
20	82	95
15	87	100
14	75	83
8	76	83
7	77	83
41	76	82
29	101	110
32	77	83
5	79	85
24	84	90
0	84	90
35	83	108
23	83	89
22	87	93
2	88	104
36	87	93
38	88	94
34	93	99
40	95	101
16	95	101
9	96	102
0	97	106
4	102	108
7	101	107
23	102	108
32	106	113
37	106	112
31	120	128
11	110	123
8	109	115
3	110	117
26	115	129
2	111	118
1	114	120
30	115	121
27	117	123
21	121	131
33	121	127
34	124	130
19	125	131
37	126	132
32	127	133
1	129	138
8	128	134
0	130	136
9	149	155
23	132	138
40	132	138
31	141	147
13	135	141
41	140	151
27	141	147
3	151	159
22	149	167
18	150	158
34	147	153
21	146	152
15	153	159
28	160	166
17	164	175
34	169	175
0	169	175
37	171	177
2	173	186
30	183	192
24	186	192
5	221	227
16	192	203
36	193	199
2	193	208
27	213	219
3	198	204
17	198	214
0	201	207
32	201	207
36	205	218
28	207	213
40	207	216
12	208	214
2	213	219
31	214	224
38	212	222
15	213	219
41	214	220
9	215	221
0	214	220
18	217	230
37	222	228
3	219	225
13	222	236
22	222	228
12	225	231
20	230	236
32	229	235
28	232	238
35	231	237
14	236	243
17	231	241
27	237	243
31	240	246
33	244	274
15	243	256
20	243	249
7	244	250
4	244	250
22	251	257
16	243	254
23	246	252
32	248	254
12	247	253
5	251	257
13	250	266
21	250	256
1	252	258
29	256	262
31	257	275
39	256	262
38	259	267
19	259	265
25	267	273
35	261	267
21	262	268
14	298	311
4	265	271
17	266	272
26	270	283
14	265	271
10	267	282
34	268	274
39	268	276
7	269	275
1	271	277
13	352	359
19	282	289
8	273	279
29	272	280
3	288	310
16	273	283
0	276	285
5	284	290
41	277	287
24	276	282
19	298	345
18	277	287
37	279	285
40	281	287
32	284	301
15	284	294
23	303	314
12	285	293
35	287	293
24	290	301
22	291	305
21	303	309
36	293	308
34	292	298
11	295	332
7	293	316
31	296	332
35	308	333
20	295	301
37	297	325
32	324	352
2	299	305
9	302	314
40	299	312
4	299	307
39	298	304
8	300	306
29	301	308
30	357	381
14	317	330
12	302	308
0	312	327
15	304	312
16	304	315
38	309	330
5	306	319
28	313	337
41	309	337
32	306	317
20	308	319
15	317	335
18	309	315
30	309	315
1	309	315
29	315	345
22	310	316
13	315	334
39	312	348
33	312	319
27	313	331
34	315	338
5	335	367
7	333	352
2	313	319
24	313	319
8	319	339
4	315	362
22	322	328
25	316	322
26	319	329
3	315	323
17	317	355
36	316	351
10	316	325
11	339	349
6	319	334
21	320	351
18	321	333
0	380	387
25	327	343
30	320	352
3	328	335
40	322	334
9	322	348
2	325	342
24	326	340
12	326	367
1	325	331
33	327	333
20	329	353
14	337	361
23	332	344
37	332	347
10	333	339
26	344	354
22	333	361
1	336	359
27	340	347
3	340	356
16	337	352
15	341	351
38	342	361
41	342	355
33	342	358
10	344	350
0	344	365
34	348	359
18	367	387
24	348	354
37	357	380
35	351	358
28	350	356
25	352	367
8	351	357
18	353	362
11	355	376
19	356	362
32	357	363
21	357	363
27	359	365
15	360	376
2	364	370
9	361	367
20	362	376
40	361	367
17	363	369
39	363	376
41	362	381
1	366	374
24	367	373
8	367	373
14	368	374
29	370	376
34	374	381
32	369	375
26	369	375
5	372	378
16	371	377
13	373	379
38	375	381
7	377	388
6	376	382
4	380	388
26	380	386
24	380	386
8	387	393
31	383	389
14	383	389
27	386	401
37	386	392
20	387	393
16	393	408
13	391	397
6	392	398
9	391	402
2	392	398
15	395	401
10	396	402
23	398	409
0	399	421
18	399	414
29	400	406
39	406	413
39	480	487
41	410	421
19	410	416
15	411	417
36	411	417
25	414	423
29	416	437
9	417	423
13	419	425
24	421	427
31	424	430
20	424	430
30	423	429
41	440	451
41	426	432
27	426	432
23	429	435
8	428	434
6	430	445
32	432	438
3	433	439
22	432	438
16	438	444
30	437	443
17	440	446
9	443	449
7	452	459
13	447	453
34	446	452
30	448	458
28	456	465
11	452	458
9	454	460
8	456	462
25	458	464
1	481	491
23	460	467
17	460	466
13	460	466
27	460	466
6	465	476
15	464	470
35	467	473
22	468	474
26	468	474
1	469	475
29	471	477
38	475	481
15	480	490
30	476	482
7	478	484
12	482	500
41	482	488
16	482	502
32	483	489
33	484	490
40	484	492
13	493	501
18	529	549
8	493	499
34	491	497
6	492	498
41	512	518
11	494	500
36	495	501
10	496	502
15	497	525
1	501	512
4	500	506
30	501	507
38	501	507
9	503	509
34	503	509
40	505	525
18	506	512
4	514	520
0	506	512
2	507	513
32	507	513
21	508	514
17	508	514
28	513	529
19	514	520
6	515	537
21	523	531
16	519	525
0	520	526
14	520	526
9	520	528
26	522	535
13	526	542
3	551	564
20	526	532
36	527	546
5	544	569
39	528	534
9	544	550
32	528	547
29	530	536
4	531	537
21	539	545
37	531	547
25	530	545
12	533	539
3	532	542
16	532	538
15	533	553
27	534	540
5	533	539
14	540	546
30	540	546
7	542	548
24	542	548
33	544	550
19	543	549
38	544	550
10	562	574
11	545	551
1	546	553
28	547	553
26	546	575
29	547	553
39	551	557
12	549	560
22	560	566
9	556	562
30	555	565
38	557	563
32	558	573
11	558	570
23	558	564
37	559	567
25	565	583
31	562	577
6	563	569
4	563	572
34	564	570
35	565	571
28	567	573
27	569	575
0	568	574
10	590	603
12	569	581
30	571	577
9	577	585
2	571	577
36	571	577
3	573	579
23	573	579
41	572	578
27	584	596
8	573	579
11	577	583
29	575	581
22	578	584
0	579	585
6	581	592
15	581	587
21	582	593
24	583	589
23	584	590
30	584	590
13	587	593
41	590	596
20	590	606
25	591	604
29	596	614
9	593	599
26	595	601
7	596	602
15	595	601
38	595	601
24	597	603
1	596	602
6	597	603
8	599	611
16	598	610
0	602	613
18	600	606
13	605	613
23	604	610
41	605	611
40	605	611
19	605	611
38	607	613
7	608	614
15	608	614
28	609	615