15	32	71
18	31	43
28	27	94
0	24	45
27	33	96
12	26	72
19	26	81
39	28	81
34	31	68
32	34	57
36	32	71
1	28	75
35	31	78
23	33	93
15	19	29
37	35	99
5	31	48
21	26	36
25	38	76
20	34	58
38	35	70
40	37	53
31	37	61
24	38	52
16	39	76
17	23	52
6	40	61
13	40	61
3	48	65
9	41	82
14	46	85
26	47	82
10	51	70
29	48	85
22	57	69
21	55	65
4	43	63
0	51	69
7	52	65
5	54	65
33	57	67
18	56	69
30	61	77
13	62	75
6	64	77
20	64	74
24	64	78
22	71	81
3	68	97
34	69	79
41	62	111
10	79	102
19	82	93
9	83	98
36	78	97
39	95	110
17	90	107
9	100	114
16	105	121
6	115	125
39	112	122
9	119	129
4	124	142
18	149	162
39	167	177
39	186	196
19	186	197
6	194	204
13	200	232
9	201	219
4	201	213
39	207	220
28	207	220
32	205	229
0	218	239
5	218	254
37	214	228
30	218	230
4	222	232
22	224	234
30	233	261
24	232	245
33	235	262
9	239	249
27	242	252
23	244	263
13	246	260
24	252	355
20	252	262
14	248	262
8	254	268
0	258	276
20	263	281
21	268	281
29	266	280
9	262	281
23	270	292
40	275	304
18	271	293
7	274	299
16	269	375
17	282	321
8	276	298
21	284	315
35	286	300
37	284	299
0	289	355
29	287	301
4	287	297
2	282	340
14	289	348
39	292	354
38	287	347
9	293	306
6	291	301
27	294	359
33	283	320
12	290	345
41	296	308
26	296	356
5	299	369
25	293	366
23	300	363
1	303	313
6	303	335
7	300	330
37	302	354
8	306	366
35	302	354
28	295	312
29	302	333
15	301	338
30	292	341
13	301	314
36	304	395
11	306	336
9	307	338
20	296	344
31	305	339
4	311	352
34	307	373
40	310	340
18	315	339
3	317	366
21	316	335
41	311	349
22	312	365
10	321	353
13	318	353
32	315	368
28	313	352
19	315	342
1	323	387
17	328	370
33	330	378
29	335	359
7	335	355
6	340	357
40	341	361
30	349	385
19	347	366
12	347	379
41	351	363
4	355	373
24	359	373
37	363	373
23	367	381
4	374	387
27	360	387
8	383	395
17	372	397
31	392	402
27	391	401
23	395	412
15	396	409
10	396	420
36	400	425
16	402	416
25	408	419
21	413	423
31	413	432
15	436	447
20	453	463
12	440	478
36	452	465
35	467	485
20	479	489
30	485	535
14	489	507
36	492	509
9	494	504
35	498	508
15	496	509
5	499	509
34	501	512
23	502	512
0	509	519
26	509	519
31	508	518
5	512	527
37	513	524
12	513	556
36	517	535
8	507	534
23	516	526
22	510	532
25	520	530
0	520	532
20	521	535
35	523	536
41	523	533
27	525	535
31	523	564
15	529	552
33	528	542
28	528	552
3	520	541
36	538	557
29	536	546
41	534	559
32	538	576
1	539	549
35	537	553
0	542	556
22	542	556
13	549	579
17	543	575
2	548	587
9	538	585
27	550	562
1	550	567
33	552	585
23	551	566
38	557	567
5	551	571
0	560	577
8	566	581
20	566	582
35	568	584
41	565	587
4	570	588
39	568	592
34	567	582
24	572	591
15	564	581
38	569	585
23	568	586
17	579	589
11	566	584
36	573	584
8	582	592
6	586	596
10	584	601
35	585	610
40	588	614
33	587	607
37	590	609
36	586	608
32	593	617
34	590	618
13	588	619
20	589	616
23	597	619
28	584	616
16	593	609
30	590	601
0	592	614
7	596	608
41	596	617
31	597	607
17	596	611
25	595	607
39	599	617
22	600	617
10	606	618
9	594	615
11	606	619
18	604	615
3	599	619
9	20	30
4	27	37
2	31	56
10	34	44
21	38	51
22	41	51
8	42	52
17	59	69
32	66	76
31	71	81
5	72	83
2	73	93
11	75	91
16	80	92
20	81	100
26	84	94
32	85	95
18	88	98
29	88	98
30	91	101
24	94	104
26	96	106
23	96	116
3	100	110
6	103	113
21	103	113
1	104	114
30	108	119
4	109	119
24	111	121
14	111	121
15	115	125
41	114	131
40	120	130
12	121	131
27	122	132
30	122	132
3	124	134
16	123	133
17	124	134
28	128	138
6	132	142
17	135	145
1	136	146
7	139	149
15	139	149
6	147	157
1	148	158
32	149	159
26	150	165
37	155	165
2	157	167
15	159	169
11	161	171
1	162	172
25	170	184
10	165	175
8	167	178
29	171	181
19	173	183
40	176	187
24	182	192
16	182	192
22	182	192
12	188	198
41	195	205
2	195	205
11	199	209
30	199	209
29	200	210
21	203	213
33	203	213
31	205	215
35	205	215
6	205	215
36	212	222
14	213	223
8	214	224
6	217	227
10	218	228
31	240	259
40	222	232
9	222	232
12	223	233
17	224	257
7	225	235
18	224	234
8	228	241
32	231	241
37	233	243
41	234	244
6	236	246
25	244	258
22	250	281
28	247	257
26	248	258
18	256	267
6	252	262
7	254	264
12	255	265
11	260	270
28	261	276
19	260	270
10	263	273
36	263	273
31	265	275
4	268	286
30	271	281
13	275	289
10	277	290
11	271	281
41	272	282
33	272	282
5	275	285
36	277	287
28	278	288
34	278	288
15	281	291
26	284	295
3	290	300
34	292	302
10	293	303
19	296	306
32	296	306
21	337	347
11	343	353
2	346	356
15	348	364
14	352	362
9	352	362
28	360	370
11	360	376
21	362	372
2	361	372
41	366	376
20	366	385
9	368	378
31	372	382
15	371	381
24	375	385
10	376	389
34	377	392
8	413	424
15	382	392
29	381	396
21	385	398
3	386	396
19	391	401
27	406	421
28	388	398
14	390	400
9	393	403
33	394	404
26	395	405
6	400	413
20	397	407
41	396	406
35	399	411
0	399	409
8	400	410
24	404	414
13	407	417
3	406	419
32	408	418
20	409	419
33	420	433
9	412	425
1	411	421
19	412	422
37	414	424
38	415	425
23	418	428
5	419	429
25	424	434
17	424	434
40	425	435
31	478	498
21	427	437
23	430	440
7	428	438
30	429	448
35	429	439
8	431	441
31	435	455
38	431	441
9	431	449
3	434	444
0	435	445
32	439	449
5	439	449
40	439	449
4	441	451
33	442	452
13	443	453
16	444	454
6	444	454
10	447	457
29	452	474
30	453	467
28	451	461
18	453	463
32	455	465
33	454	464
0	455	465
13	455	471
1	457	467
16	460	470
23	461	471
11	462	472
39	463	473
15	467	477
19	468	478
27	468	487
36	473	483
21	473	483
33	475	485
7	481	491
6	483	493
18	483	493
29	487	497
16	489	502
26	488	498
2	490	500
27	492	502
32	493	503
20	493	503
4	503	513
27	505	518
17	504	514
25	506	516
2	507	517
9	512	523
6	511	523
19	515	525
29	514	524
24	518	528
38	521	531
9	524	534
19	527	546
21	525	535
26	526	536
6	526	536
4	528	539
14	528	538
24	531	552
11	533	543
18	537	552
39	542	554
10	541	551
20	543	553
25	544	554
19	548	558
37	548	567
7	548	558
35	556	566
16	556	566
24	558	568
6	561	572
25	561	571
19	562	572
21	564	582
29	569	579
10	569	579
31	572	592
18	573	583
12	576	586
40	576	586
14	577	587
22	578	588
3	580	590
26	579	589
16	582	592
15	583	596
21	584	603
27	587	597
19	588	598
1	596	606
26	596	606
38	600	610
19	600	618
4	605	615
24	606	616
8	607	617
26	608	618
5	608	618