30	47	62
41	38	58
8	28	45
19	23	41
23	25	35
1	26	36
28	28	38
13	27	37
29	27	40
20	29	39
9	48	65
7	33	51
16	31	41
36	32	42
15	33	43
11	34	48
26	35	45
22	37	47
25	39	49
27	41	51
18	40	50
32	40	50
14	40	50
1	41	57
4	45	56
5	43	53
24	45	55
38	46	56
35	46	56
19	48	58
15	51	81
8	50	67
34	49	60
2	49	59
20	50	60
26	50	60
3	53	66
27	52	65
18	53	63
22	54	64
11	56	66
40	56	72
23	56	66
38	57	69
39	69	91
25	58	68
4	60	70
19	62	79
12	62	95
16	63	80
1	66	76
33	66	76
32	66	78
6	68	78
13	67	77
18	68	79
26	69	82
2	70	80
34	71	81
21	73	83
3	73	83
28	73	85
29	75	95
37	75	85
24	76	86
5	75	85
40	76	86
11	79	89
8	79	89
5	87	97
16	81	91
38	81	91
14	83	93
18	83	100
25	83	101
0	84	94
1	84	95
37	86	105
41	87	97
27	86	97
8	90	111
16	92	106
7	91	101
17	92	102
15	94	109
24	94	104
36	96	106
6	95	105
9	98	108
5	104	114
3	104	114
11	106	116
6	108	118
2	107	117
19	111	121
25	110	133
28	113	123
0	114	136
32	115	125
31	119	129
4	121	131
18	122	133
33	127	137
12	125	135
9	127	137
27	128	138
31	132	142
34	133	144
14	136	146
30	138	148
39	139	149
13	141	151
20	143	153
33	143	153
29	145	155
3	147	157
32	148	158
11	150	160
16	153	163
13	154	164
38	158	168
9	161	171
41	160	170
27	163	173
24	162	172
3	165	175
31	170	180
38	173	183
5	174	184
37	176	186
39	181	191
30	182	195
36	184	194
27	185	195
23	187	197
28	188	198
2	194	204
8	196	206
17	198	208
9	197	207
37	197	207
32	197	207
7	201	211
40	200	210
11	204	214
29	204	214
0	206	216
13	206	217
31	207	217
14	207	217
41	207	217
32	210	224
21	209	219
24	213	223
26	216	226
4	216	226
39	218	228
25	221	235
16	221	231
5	221	231
7	222	232
36	222	232
32	231	241
35	232	251
29	226	236
28	228	238
31	229	239
36	233	247
14	233	243
40	235	245
27	235	245
16	240	250
38	239	249
8	241	251
31	241	251
37	243	253
30	244	254
18	244	254
11	244	254
9	247	257
39	246	256
14	250	260
21	249	263
23	255	280
32	252	262
12	252	262
30	309	340
13	255	268
26	253	263
4	253	263
38	254	264
30	260	278
3	255	268
1	257	281
5	264	280
6	259	269
19	260	283
34	260	270
27	264	274
2	267	277
11	266	285
24	267	280
18	268	280
7	270	280
9	271	281
8	279	290
17	272	282
25	274	286
38	273	283
16	275	313
36	277	295
14	294	308
12	278	288
32	279	289
10	277	294
37	278	288
29	279	289
7	281	296
31	315	341
35	286	302
21	283	293
26	291	343
36	302	314
18	285	300
5	285	295
4	284	294
40	287	297
3	286	298
27	289	300
39	293	307
11	290	300
41	292	302
5	325	360
37	294	304
34	294	310
19	293	303
2	302	315
15	295	310
3	305	318
21	306	359
38	297	315
32	297	307
30	298	308
31	301	311
13	306	339
22	301	311
20	301	318
12	305	356
8	324	342
10	309	324
24	308	345
33	304	327
29	306	316
27	306	322
37	307	331
18	306	316
7	306	316
9	308	318
23	308	322
16	315	326
25	309	345
14	309	319
17	310	330
8	310	320
18	317	327
32	311	321
39	310	326
34	312	354
29	320	346
19	311	321
5	313	323
36	317	330
6	313	338
11	313	327
41	313	323
0	314	349
40	314	326
22	317	349
28	315	325
4	317	327
15	317	344
1	318	336
35	317	331
20	319	363
3	319	331
14	321	331
9	321	334
32	329	368
23	325	348
38	326	352
16	331	343
39	328	356
37	332	362
27	326	363
28	326	352
19	329	339
36	332	343
33	330	350
2	328	346
41	332	349
17	333	356
14	338	359
35	334	364
7	333	343
10	334	351
40	334	356
9	337	349
4	335	351
18	335	345
13	340	369
7	358	392
16	344	360
8	343	353
6	345	355
19	346	357
24	346	358
2	347	357
30	349	359
4	352	376
25	351	363
41	352	364
11	352	363
22	354	364
8	355	365
26	355	365
38	359	372
33	354	372
17	360	370
6	357	374
0	448	466
3	358	368
39	359	369
24	362	375
5	362	376
34	371	383
1	362	372
31	364	374
8	367	379
37	367	381
35	367	377
40	369	379
13	379	396
26	368	385
21	369	379
22	369	379
2	371	383
3	372	384
1	373	383
36	372	389
10	375	385
24	376	386
9	376	386
19	377	387
30	380	390
16	382	392
32	383	393
1	387	404
14	391	411
18	388	398
35	390	400
38	391	401
24	392	402
9	393	403
37	396	411
12	397	419
4	397	407
5	399	412
39	401	411
17	402	412
33	408	418
7	403	413
28	405	415
23	408	418
1	409	419
24	409	419
2	410	420
9	410	430
25	414	428
5	414	424
11	414	424
30	416	426
7	419	439
39	421	431
26	423	433
27	423	433
14	424	444
31	425	435
22	424	434
30	427	437
15	427	443
25	429	441
10	429	439
28	431	441
19	430	440
3	430	440
2	432	442
0	434	444
11	435	445
16	438	448
23	439	449
1	442	452
20	444	458
18	444	454
31	448	458
3	448	458
27	450	460
14	452	462
7	454	464
41	456	466
12	457	467
36	457	467
34	462	485
25	458	468
40	460	470
39	468	478
38	464	474
22	463	480
32	467	477
11	469	479
8	473	483
15	474	487
41	474	484
28	475	485
38	480	490
11	480	490
5	481	491
24	483	493
40	490	509
22	486	496
12	486	496
32	489	499
2	489	499
41	491	501
35	493	503
23	496	510
4	498	515
9	500	510
31	501	511
0	504	514
33	502	514
8	510	526
13	506	516
25	508	518
11	510	520
32	510	520
2	509	521
17	509	519
29	511	521
20	512	522
24	512	522
27	514	524
15	515	525
23	520	530
31	520	530
4	520	548
14	522	534
16	524	534
32	524	534
33	525	535
5	525	535
2	527	546
21	527	537
17	527	537
20	528	538
18	529	539
11	528	560
9	529	546
23	531	541
40	530	540
1	532	543
38	531	541
7	541	551
29	534	550
12	536	553
0	554	576
26	535	545
30	536	552
3	537	547
39	539	555
15	538	548
41	540	556
20	541	554
17	540	550
32	542	552
8	542	566
6	545	555
24	546	567
13	546	556
33	545	555
35	546	556
26	546	556
14	546	562
2	549	559
31	549	559
34	548	558
16	551	562
25	558	576
4	553	563
30	553	575
38	555	579
6	557	567
36	557	567
0	591	607
17	559	569
10	563	573
35	563	573
1	563	573
23	563	573
22	563	573
9	565	575
41	563	577
13	564	582
2	565	583
32	573	583
24	574	584
28	569	579
18	569	579
36	570	580
7	569	579
37	571	582
19	570	584
4	571	581
15	572	582
16	573	583
21	581	591
34	575	587
8	577	587
41	579	589
37	583	617
14	583	598
5	583	601
26	585	595
27	602	614
27	586	596
6	587	597
10	587	605
40	586	596
2	590	615
23	592	602
32	594	604
39	593	603
7	595	616
30	595	618
16	595	612
9	595	605
22	597	607
38	596	612
24	596	606
31	601	611
33	601	615
20	601	611
40	600	610
35	603	619
10	607	617
14	608	618
29	608	618
17	609	619
25	608	618