26	64	70
29	35	55
9	33	39
0	38	49
10	30	38
0	22	28
15	26	32
28	26	41
18	29	40
6	31	37
2	37	50
19	33	52
3	38	48
34	35	49
23	35	41
31	38	45
7	45	75
37	39	56
16	40	46
5	40	46
4	42	58
8	57	63
27	44	53
39	45	65
38	46	53
1	45	51
12	47	53
11	49	55
21	50	56
18	50	56
10	51	62
2	56	62
33	53	59
16	58	65
13	53	63
41	53	59
22	57	71
34	58	68
35	58	71
25	62	69
19	66	72
32	64	70
21	65	71
12	67	74
20	66	72
3	68	82
31	70	76
0	72	78
38	73	81
30	75	81
25	75	81
13	77	83
20	77	83
21	78	84
15	78	97
8	98	122
32	81	102
12	82	88
31	84	90
40	84	92
35	84	91
9	85	91
26	87	93
37	89	95
2	91	97
16	103	109
33	91	97
0	92	98
3	95	107
24	94	106
21	100	106
15	104	110
17	104	118
27	108	123
30	106	112
26	108	114
38	111	117
21	113	119
28	114	120
16	114	120
32	121	127
34	119	125
40	121	127
38	122	128
20	124	134
23	124	130
9	130	136
37	124	138
22	136	152
0	248	260
5	129	138
11	130	136
34	132	138
17	133	139
15	141	150
8	138	144
29	142	153
34	145	151
37	147	166
36	151	157
25	154	160
35	155	161
19	186	199
27	164	174
21	165	171
9	175	181
28	170	176
29	170	193
17	173	179
11	183	195
6	176	182
7	181	189
39	178	184
17	184	194
8	186	192
1	227	235
41	194	200
28	196	202
15	197	203
18	205	211
23	197	203
13	201	207
12	201	207
34	223	229
7	205	214
3	206	212
37	206	212
5	207	213
19	207	213
39	208	214
26	210	222
27	211	222
23	212	218
10	214	231
37	220	236
0	215	221
6	304	327
7	220	228
11	223	229
12	220	226
33	280	304
15	222	228
19	229	236
31	222	228
14	222	228
9	223	229
5	224	230
20	225	231
25	228	234
41	230	236
21	231	237
16	233	239
2	233	239
14	235	246
21	242	253
4	234	245
3	234	240
5	238	244
32	246	258
7	239	245
27	241	247
5	256	271
33	243	271
2	245	251
41	247	253
16	248	257
29	249	255
31	250	256
25	250	256
37	250	256
3	301	339
30	254	260
6	253	268
10	260	268
14	261	267
40	262	279
38	262	278
11	275	294
35	263	269
41	264	280
34	265	271
4	265	271
23	265	271
37	266	285
2	269	286
34	294	357
17	269	275
18	273	284
15	273	279
12	269	275
1	270	276
35	274	280
39	274	280
36	275	293
24	317	354
31	277	283
24	286	305
20	276	282
23	277	291
21	277	288
30	278	284
16	288	304
38	283	293
12	285	291
29	291	315
41	286	317
25	286	320
20	306	363
1	288	309
22	289	304
15	310	359
37	291	297
32	292	298
30	304	340
19	293	299
18	309	338
7	297	304
2	302	348
18	297	303
36	298	304
17	297	303
39	297	303
38	298	311
14	300	309
0	300	306
23	304	310
35	302	315
11	303	342
5	307	317
27	302	358
10	303	361
37	304	344
31	304	331
8	304	329
28	306	353
21	307	326
13	305	311
32	307	313
12	308	365
4	308	317
40	309	325
36	311	376
17	309	338
16	312	353
26	313	341
0	312	318
39	313	330
19	312	319
23	316	345
9	315	332
14	319	335
33	317	326
13	318	343
1	319	326
7	320	346
35	320	330
38	323	335
5	328	347
41	323	340
32	324	335
4	328	334
21	333	339
29	328	334
0	330	357
19	330	336
25	330	347
33	333	356
1	333	349
4	339	370
35	335	358
22	335	341
6	335	366
39	339	360
9	340	353
40	341	347
31	351	365
32	343	358
17	343	364
30	347	353
26	347	353
19	347	353
11	348	355
14	352	368
8	347	362
37	350	365
23	354	366
29	354	374
41	354	360
38	354	360
13	354	366
21	359	367
22	357	363
38	388	397
18	361	375
5	362	368
25	363	369
7	363	373
2	362	368
34	364	377
35	363	369
24	367	381
11	367	378
8	367	373
20	368	384
15	373	379
2	373	379
26	372	378
5	374	380
4	378	392
7	378	384
13	379	385
37	379	385
17	380	386
21	392	401
23	382	391
6	385	401
39	384	390
33	387	393
9	395	401
11	389	395
24	390	396
22	399	405
8	394	400
13	395	401
39	396	402
5	406	419
41	412	419
9	406	412
25	406	412
36	405	411
39	409	415
7	411	417
22	428	434
17	412	429
26	411	417
21	415	435
34	417	423
6	417	423
13	420	426
7	426	435
36	421	444
26	422	428
8	422	437
28	422	428
23	429	435
33	426	432
6	428	434
34	428	439
24	429	435
5	431	437
32	432	445
29	435	441
26	437	452
30	441	447
5	442	448
13	446	452
23	448	454
17	448	454
40	450	456
20	455	462
15	462	476
33	453	459
39	454	460
25	455	463
41	460	469
5	467	477
38	461	467
18	461	467
17	462	468
27	468	474
2	504	516
39	469	475
7	470	490
12	470	476
10	472	478
14	475	485
9	474	480
16	475	511
2	479	485
28	477	483
21	476	482
22	479	494
18	482	490
11	481	487
17	483	489
20	484	490
5	486	492
13	485	491
4	489	495
24	491	507
33	491	497
9	492	501
34	495	501
32	497	516
40	498	504
39	499	505
26	501	507
5	501	507
11	505	519
27	503	509
28	504	510
41	507	513
18	509	516
22	509	515
3	509	515
4	510	516
15	512	518
37	511	517
14	514	523
9	515	521
7	515	527
31	516	524
19	517	523
8	518	543
1	523	529
23	520	526
28	520	526
16	519	534
20	519	525
30	521	527
6	521	527
35	521	532
18	523	529
2	524	530
15	532	553
41	525	537
36	525	540
33	524	532
11	526	535
3	527	533
14	528	534
29	532	538
32	555	566
39	567	589
20	531	555
10	533	539
32	534	540
1	534	540
18	534	540
13	535	541
37	538	544
35	538	544
33	540	546
24	540	546
12	541	551
34	541	549
30	542	560
6	543	549
23	544	550
2	546	560
10	546	555
25	549	555
7	551	557
16	551	559
8	552	558
21	553	559
22	552	558
37	556	564
11	557	563
0	559	583
27	559	565
12	560	566
29	561	573
15	561	579
8	563	578
23	563	569
19	564	570
4	564	570
38	563	569
5	565	571
24	564	570
30	600	609
34	566	581
36	565	571
28	567	573
33	566	572
11	573	581
22	572	578
17	574	580
3	575	581
10	575	593
6	574	580
26	575	587
7	576	582
8	585	591
28	579	604
16	579	585
33	597	614
6	587	593
5	587	593
3	587	593
40	589	601
0	594	613
30	589	595
7	591	604
32	592	598
17	592	598
2	591	597
23	592	598
29	592	598
19	597	611
37	592	598
36	599	614
26	595	601
8	597	613
31	596	602
34	596	602
16	596	602
24	599	606
13	600	606
21	602	608
37	604	614
29	604	610
6	605	611
16	608	615
10	606	612
27	606	612
35	605	611
26	606	613
12	609	615
25	608	614