3	31	43
33	52	64
11	23	35
20	29	41
29	28	40
11	39	51
21	28	50
10	32	47
16	32	57
13	33	45
5	34	46
37	35	47
8	60	72
32	35	63
1	37	49
31	38	55
0	38	50
24	38	50
32	63	82
23	41	53
12	42	55
9	42	54
26	47	59
29	46	67
34	45	57
36	45	57
27	48	60
17	47	59
2	48	61
22	49	61
38	50	85
12	59	71
20	50	72
0	50	72
35	53	65
21	58	70
10	60	82
16	65	77
31	66	78
7	66	78
13	67	79
5	67	89
9	67	86
15	68	80
14	68	83
21	70	82
3	71	83
2	92	107
11	72	84
36	72	84
0	71	83
22	72	84
37	72	86
34	74	86
4	75	87
40	77	89
13	79	96
2	79	92
23	78	90
21	81	93
41	81	93
17	82	95
19	82	94
12	83	100
7	85	97
30	96	109
25	88	100
6	90	105
8	91	105
10	92	113
36	92	104
23	102	114
26	94	110
0	94	106
9	93	109
37	97	109
40	97	113
15	99	111
11	100	112
12	100	122
14	103	115
21	106	118
17	107	119
30	109	121
25	109	122
16	112	124
23	114	126
6	113	125
3	114	126
15	119	131
37	114	126
19	124	137
24	115	133
25	242	276
4	117	129
7	117	132
12	123	137
11	119	131
30	121	134
21	120	132
38	130	142
33	136	148
28	132	144
32	133	145
23	246	270
17	141	153
15	132	144
5	141	153
34	133	145
41	134	146
8	137	153
40	141	153
36	143	155
38	143	155
7	147	159
22	150	162
29	152	164
5	154	174
35	154	166
6	160	172
31	160	172
32	161	173
2	162	174
25	161	173
33	167	179
40	167	179
28	171	183
1	172	184
4	173	185
7	180	194
11	182	194
8	180	192
2	183	195
40	184	196
5	186	199
14	190	202
1	190	202
7	193	205
26	192	204
4	195	207
31	199	211
38	202	214
27	198	217
22	200	212
28	199	211
36	199	211
2	201	213
29	209	221
5	205	217
16	205	217
35	206	218
19	208	220
24	210	238
41	210	222
21	210	222
32	210	222
12	211	223
28	212	224
6	214	234
23	214	226
34	214	226
3	217	229
20	221	240
18	221	233
35	223	248
30	225	237
1	227	247
41	228	240
28	229	250
26	229	250
36	235	264
11	231	251
12	231	243
15	233	245
10	234	246
14	236	248
17	237	249
9	239	251
27	242	254
32	256	276
12	243	255
22	245	257
18	244	259
0	245	257
41	245	257
15	248	265
14	249	265
34	249	261
11	268	292
27	253	265
11	256	268
26	256	268
37	257	269
31	288	310
34	286	357
31	259	271
17	258	270
1	260	272
3	262	274
41	261	282
33	263	275
27	264	288
28	265	277
22	267	279
16	266	278
18	267	279
7	268	280
35	269	281
36	272	284
34	271	283
37	271	283
5	271	283
12	273	291
1	280	306
6	274	286
4	274	286
0	275	287
20	275	287
12	302	333
33	276	301
25	275	291
27	324	351
24	279	311
2	278	290
32	278	301
38	296	368
8	282	294
41	289	301
11	291	303
22	282	294
35	282	294
5	284	296
13	285	297
0	286	298
10	296	340
26	286	298
4	286	298
16	293	305
40	292	307
6	292	304
39	292	304
36	294	306
3	295	307
25	295	307
22	296	308
29	296	354
6	308	337
2	296	308
37	323	361
26	316	332
0	300	316
21	300	355
5	302	314
40	306	318
14	303	326
20	303	334
17	305	355
37	305	317
9	304	316
33	306	338
8	306	330
23	308	363
7	308	329
1	313	340
31	309	323
35	309	321
22	309	333
4	310	354
5	322	351
16	310	341
41	312	328
2	312	336
11	313	325
19	316	329
30	315	361
41	327	346
13	314	379
3	316	349
0	319	344
36	317	346
39	318	335
25	316	328
40	322	356
32	318	347
39	338	350
11	328	340
18	327	354
24	324	364
35	325	337
28	326	340
19	329	345
10	342	358
8	332	356
7	333	345
14	335	362
31	337	349
20	337	350
39	354	367
12	336	348
25	338	360
26	338	352
22	340	352
6	341	371
11	341	360
15	341	362
2	345	360
9	345	365
35	346	361
0	344	359
7	346	358
19	347	364
12	348	367
33	349	361
5	351	368
10	357	369
17	356	375
32	352	373
1	354	366
27	363	375
31	355	367
4	356	368
16	361	373
28	362	374
15	362	381
14	366	378
33	363	375
40	364	376
7	363	375
0	365	377
12	366	378
36	368	380
9	367	379
3	368	386
20	370	382
32	372	384
6	372	384
25	374	397
26	374	386
40	375	387
29	378	390
2	379	391
21	381	393
35	382	394
4	384	402
30	384	396
5	399	419
22	386	398
3	390	402
0	396	408
3	442	454
10	399	411
4	404	416
22	405	417
27	406	418
0	409	421
15	411	423
7	411	439
3	411	423
1	414	426
14	414	426
31	414	426
19	415	427
39	418	430
0	422	434
2	422	434
35	424	436
4	424	436
41	425	437
1	425	437
31	432	452
13	427	439
23	427	439
6	431	443
37	433	445
16	432	444
8	434	453
25	435	447
26	436	448
15	436	448
28	437	449
7	440	452
0	442	454
21	442	454
36	445	457
11	447	463
27	448	460
34	449	466
18	450	468
26	451	463
1	452	464
30	452	464
9	454	466
29	455	467
12	454	467
32	456	468
6	458	477
14	458	479
28	463	475
20	461	473
8	464	476
2	462	479
34	466	478
12	469	481
11	471	483
15	471	483
14	478	492
36	475	487
21	477	489
29	476	488
23	481	504
20	482	498
13	481	493
40	488	500
8	488	510
4	489	501
3	490	502
10	492	504
36	492	504
29	492	504
21	494	506
15	494	515
12	493	507
14	494	506
24	495	517
11	497	509
5	501	513
35	501	513
19	504	516
7	503	515
17	506	518
27	506	528
22	505	521
20	506	518
14	509	547
36	513	530
38	509	521
10	510	522
41	511	523
6	520	532
0	518	532
31	513	525
28	513	525
25	515	527
39	516	528
15	516	528
8	517	541
4	519	531
19	521	533
24	522	534
34	524	536
40	524	536
37	524	543
23	525	540
1	525	537
10	525	537
27	527	544
5	526	541
32	529	541
17	533	545
0	532	552
15	532	544
4	534	546
38	534	546
28	534	546
19	535	547
16	536	554
31	536	548
12	536	548
26	536	562
6	537	552
13	542	556
17	548	560
32	541	574
18	541	553
25	543	555
3	544	556
22	547	559
1	548	570
11	550	562
38	549	568
30	550	562
29	549	567
5	552	564
37	553	565
24	563	575
39	555	574
25	555	567
7	557	569
19	557	569
0	559	576
13	559	571
10	560	578
22	562	579
17	560	574
33	560	572
23	561	573
3	562	574
18	561	573
4	562	574
9	565	580
40	565	577
35	566	578
29	567	580
28	568	580
37	569	581
15	570	582
26	571	608
30	571	590
31	572	584
23	572	584
19	574	586
39	576	588
1	577	589
25	576	607
41	576	592
13	579	591
0	578	590
27	580	592
8	581	599
4	580	592
5	581	594
34	582	603
29	585	597
24	588	600
36	588	600
0	590	602
19	590	602
16	590	602
23	590	603
29	598	619
22	592	604
33	594	617
3	594	613
21	595	608
13	596	614
9	596	621
11	601	613
4	599	611
38	599	618
18	599	617
27	600	621
24	601	613
5	603	615
28	604	616
10	603	615
40	604	616
15	607	619
37	608	620
6	606	618
8	608	620
36	608	620