16	40	58
13	24	49
27	26	33
18	26	32
26	26	32
35	26	32
37	27	40
9	29	42
3	29	40
0	29	42
8	29	35
2	29	35
32	30	40
33	30	36
4	32	62
36	34	40
27	53	79
40	36	53
41	36	42
37	47	66
39	39	45
15	38	83
28	38	49
8	40	46
20	41	69
7	41	56
11	41	64
2	42	92
34	42	48
29	42	57
23	45	51
21	43	49
10	44	72
5	44	50
30	46	52
31	47	53
19	53	59
24	46	59
25	47	68
38	50	76
17	50	56
14	50	93
41	51	66
9	52	58
33	54	60
6	54	68
3	54	60
34	55	89
21	56	94
35	55	73
22	57	63
18	56	62
23	56	62
7	84	90
39	57	63
17	83	89
12	61	67
17	61	69
29	67	78
1	62	80
33	66	102
40	63	100
28	63	76
24	65	79
30	66	90
31	66	72
8	68	74
9	69	85
11	69	75
4	68	87
39	68	74
19	73	86
37	87	120
6	73	83
5	74	80
16	72	89
0	75	81
13	73	79
36	80	96
31	79	88
3	80	92
26	80	86
25	79	91
12	81	87
11	80	100
35	84	90
41	84	90
23	83	92
29	84	90
5	90	98
39	87	93
1	87	103
22	89	100
38	92	111
24	91	97
9	91	97
8	92	98
12	92	98
28	96	108
29	96	109
41	103	118
3	97	110
7	97	103
0	96	106
27	100	107
17	100	106
4	101	109
23	101	113
8	103	109
16	103	109
32	114	120
19	104	110
2	104	110
10	104	110
5	105	111
30	105	132
40	115	121
40	194	207
13	108	114
20	110	116
21	110	117
36	114	120
15	115	139
24	114	120
4	114	120
22	116	128
6	115	122
8	117	123
34	118	124
12	118	124
1	124	130
16	121	127
14	120	134
9	124	141
18	123	129
10	123	138
36	127	133
4	127	133
26	129	141
12	137	143
21	131	137
38	134	140
34	135	145
41	138	152
37	140	146
24	139	145
7	141	147
17	142	148
11	147	153
35	146	158
37	155	161
6	148	154
36	149	155
4	148	154
3	156	164
29	151	157
28	152	158
12	151	157
26	152	158
1	154	160
22	218	230
20	157	163
22	161	172
16	159	165
32	158	164
23	162	168
34	160	166
24	168	181
8	160	166
6	162	168
38	167	175
33	165	171
36	165	171
37	168	174
25	169	190
14	171	177
17	169	185
32	170	176
5	170	176
21	170	186
29	169	175
11	175	187
37	220	227
30	173	179
19	172	178
20	174	182
31	174	183
6	177	190
10	179	185
35	181	192
29	181	198
9	181	187
36	190	196
0	187	196
12	183	189
2	184	190
27	210	216
7	186	197
24	189	195
3	189	195
30	191	201
38	191	197
26	190	196
34	197	204
15	200	211
22	193	199
28	193	199
4	193	205
13	195	201
10	196	202
1	194	200
19	196	202
11	198	209
12	198	213
2	203	212
25	200	211
23	201	207
26	201	207
28	205	213
11	230	248
16	206	212
17	205	211
28	262	283
13	206	212
21	211	217
19	210	218
18	214	238
29	215	221
33	216	226
3	218	224
36	218	224
32	218	229
9	219	225
6	219	225
2	223	229
16	223	229
1	222	242
24	224	230
26	228	234
31	229	235
30	230	236
28	231	237
17	231	237
8	231	237
29	231	237
0	247	267
36	232	238
12	235	241
40	234	240
39	243	252
32	235	266
24	237	243
15	236	242
19	238	244
23	243	249
9	239	245
6	241	247
37	241	248
22	241	247
21	244	261
17	244	250
33	245	257
1	247	253
4	247	340
38	279	289
34	251	257
30	248	254
8	250	266
41	248	295
18	250	258
7	249	255
24	251	258
38	251	257
25	252	258
23	254	270
10	254	286
26	254	260
2	254	265
29	253	259
6	254	271
16	255	261
14	255	261
31	255	261
22	256	265
5	256	276
17	256	262
12	256	262
11	257	263
32	271	277
39	259	265
37	260	271
24	263	269
15	263	273
13	265	280
1	265	271
38	265	271
18	265	292
34	265	271
33	288	386
21	267	273
12	268	275
22	271	282
33	272	278
8	272	280
40	272	287
26	272	278
2	271	277
31	273	282
16	273	279
14	274	280
27	273	283
30	274	371
24	274	301
36	274	306
3	275	301
9	276	294
34	276	301
7	284	295
1	277	283
0	281	287
20	284	290
32	282	296
26	283	289
19	282	296
39	284	301
16	285	291
35	285	291
31	288	303
6	288	294
29	294	304
12	289	300
23	290	296
22	289	295
37	291	297
17	291	297
10	293	321
8	292	306
14	298	366
11	300	363
13	296	302
20	296	337
35	302	326
16	297	303
9	303	362
32	305	354
24	308	322
26	300	354
19	302	364
23	301	368
8	311	378
15	301	353
25	303	316
40	303	312
21	303	356
41	308	350
17	305	315
1	304	385
13	308	358
37	304	318
2	305	369
18	305	361
3	314	328
7	307	353
38	306	322
39	306	352
5	307	347
34	309	315
29	310	316
36	311	365
29	323	361
6	311	318
27	312	349
28	319	355
22	318	354
10	326	375
37	325	357
35	331	353
34	320	384
16	315	340
0	316	323
31	317	376
12	317	370
25	321	354
41	373	391
38	329	366
6	361	367
6	326	356
24	327	361
40	328	357
0	328	336
17	329	372
20	342	351
5	355	387
29	385	393
0	341	371
3	342	371
4	346	361
16	352	362
4	366	377
41	355	361
22	359	372
28	360	366
39	360	378
7	360	369
20	362	376
21	361	367
35	366	381
26	365	385
32	365	371
37	366	372
24	367	379
29	369	375
13	373	379
19	370	390
14	371	377
7	374	380
11	375	381
27	377	402
17	377	385
6	381	387
18	381	387
38	381	397
9	383	389
40	383	397
23	384	399
8	385	391
2	386	410
7	387	398
24	387	401
37	388	409
34	390	407
16	390	399
32	390	396
10	392	398
11	394	403
5	392	398
35	397	407
22	404	431
21	394	404
20	396	402
17	395	410
19	398	404
15	399	405
0	401	407
29	401	407
25	402	408
33	403	409
30	427	449
14	405	422
10	407	413
31	408	414
16	408	428
5	408	414
27	408	414
8	410	416
12	410	416
29	412	421
28	412	418
30	411	417
39	414	428
33	416	424
21	415	421
1	417	423
19	416	422
2	418	432
11	422	428
7	420	426
35	420	432
25	423	429
24	423	437
15	423	429
17	422	439
5	423	439
28	424	438
3	424	430
23	426	453
40	429	435
4	431	437
32	431	437
36	432	438
1	433	439
10	434	440
7	434	440
15	437	443
22	441	455
39	439	448
3	441	447
9	441	447
26	443	449
33	448	464
41	445	451
17	458	474
19	448	454
27	451	458
13	449	456
36	449	463
37	450	456
10	449	462
5	449	456
1	452	458
24	450	458
25	452	458
39	453	459
40	456	462
26	457	463
2	462	480
6	462	468
12	462	468
3	462	468
15	461	476
29	461	472
22	462	468
41	463	469
37	465	471
18	465	471
35	465	471
16	466	472
27	470	476
32	469	475
21	470	476
39	471	479
13	473	479
18	477	485
19	475	485
28	476	483
26	477	488
41	477	483
0	478	484
40	479	490
5	480	486
23	482	517
25	483	489
15	483	489
31	484	491
40	514	529
16	488	496
28	490	496
0	490	501
11	490	496
29	491	497
26	493	503
33	492	498
30	493	506
1	495	501
12	495	501
20	497	503
13	498	504
33	503	516
10	501	521
32	500	524
16	516	537
11	502	508
22	502	521
21	503	516
16	504	510
36	503	509
24	505	515
3	513	519
29	506	512
2	506	512
20	508	514
19	507	519
15	507	517
39	508	514
14	509	528
9	542	564
28	510	564
34	510	531
11	513	519
6	514	520
31	513	523
9	516	522
0	516	529
37	517	523
26	516	522
32	530	541
4	518	576
24	520	545
7	520	526
39	539	576
27	521	532
36	520	527
38	523	537
12	522	528
41	530	541
1	522	537
13	523	531
2	523	529
20	522	542
23	525	531
9	527	533
22	527	533
21	527	536
39	527	533
30	526	534
5	527	533
15	529	541
3	529	535
8	530	536
19	532	543
7	531	537
26	532	568
6	532	538
40	542	550
37	534	551
10	534	540
35	537	548
25	538	569
34	538	544
36	538	551
33	539	555
29	540	557
2	539	549
23	540	546
26	574	613
17	540	546
12	540	546
1	547	572
10	576	584
11	541	557
13	543	549
30	545	562
6	546	563
27	545	572
38	547	558
3	546	557
16	548	554
10	550	556
14	549	571
31	550	556
22	551	557
18	551	557
0	552	571
21	552	558
19	551	557
7	552	558
15	553	564
5	557	571
23	556	590
35	557	571
31	562	573
8	557	563
41	557	563
36	558	564
12	558	564
24	559	579
32	560	575
19	566	578
29	565	571
3	566	572
22	566	572
40	568	606
6	568	586
41	570	583
16	570	601
37	572	585
28	572	578
38	573	579
20	574	584
7	575	581
27	577	583
19	584	597
15	578	584
22	580	586
3	579	593
5	579	585
21	592	612
12	580	586
28	584	614
17	580	603
33	582	588
25	582	588
35	588	601
32	588	596
30	593	602
14	587	593
39	588	594
0	589	602
7	589	596
18	595	601
12	591	614
33	596	605
1	599	613
24	592	613
38	593	613
41	594	613
31	594	609
9	596	602
29	595	613
27	595	601
11	598	612
36	599	615
4	599	605
22	598	612
10	598	611
20	600	606
2	601	608
30	609	615
8	602	608
32	601	608
13	602	612
34	602	608
7	601	607
23	607	613
15	607	613
17	608	614
35	608	614
14	609	615