39	52	60
2	24	32
39	28	42
32	44	57
22	30	38
17	31	39
20	32	42
19	32	40
32	32	40
3	33	44
15	34	46
29	34	42
34	41	60
24	37	55
33	39	47
4	38	46
30	38	46
37	40	48
16	40	48
27	45	54
28	43	51
2	44	52
13	44	52
25	45	53
40	46	56
26	47	64
23	48	61
35	48	56
25	56	64
21	50	59
17	51	59
16	53	61
0	53	61
4	53	64
37	53	61
36	53	61
9	55	72
15	61	70
2	59	70
8	59	67
39	63	71
14	62	70
3	64	72
38	64	72
24	63	71
7	63	71
33	65	90
27	65	73
5	68	76
11	68	76
40	68	76
6	69	77
21	70	79
23	69	78
12	86	100
29	72	80
17	73	91
18	74	82
24	76	84
41	75	83
35	75	84
7	76	84
2	76	84
14	78	86
10	88	100
37	79	87
36	84	102
6	84	99
27	86	94
16	85	93
32	87	95
22	90	98
38	90	98
24	93	103
3	94	102
30	95	103
15	103	121
13	99	114
8	100	108
0	100	108
11	101	109
22	102	114
5	103	111
30	107	115
38	115	127
40	108	116
10	112	120
3	113	121
14	115	123
37	118	126
8	120	128
28	120	128
27	123	131
20	125	133
10	124	132
16	127	135
7	128	136
36	129	137
32	134	142
38	135	152
35	137	145
37	141	149
14	142	150
25	143	156
1	144	152
34	143	153
21	151	159
7	153	161
4	154	162
0	154	162
19	155	163
36	159	167
1	161	169
23	161	178
28	162	170
15	166	174
17	167	175
8	178	186
12	186	194
25	186	194
31	188	196
13	191	208
3	192	200
15	198	207
36	194	202
41	194	202
20	199	207
14	200	217
17	206	214
29	203	211
31	204	212
5	237	245
24	208	216
1	209	217
25	208	216
7	208	216
9	209	217
5	211	219
23	217	236
11	218	226
23	281	294
32	220	230
41	233	241
8	224	232
18	225	241
37	226	234
1	229	237
28	233	243
30	233	241
39	238	246
38	237	245
32	242	250
40	242	257
27	242	250
36	243	251
8	244	252
22	246	254
34	245	253
16	245	253
26	247	255
40	266	280
33	251	273
41	253	261
3	251	259
10	257	267
31	255	263
9	255	263
39	256	264
4	258	272
29	257	265
37	276	287
17	259	267
34	259	275
19	261	269
12	262	270
23	263	276
21	263	271
11	268	276
40	300	326
27	267	275
16	268	276
6	268	284
0	267	285
18	269	277
3	269	277
24	269	297
41	271	293
17	271	279
31	275	285
33	278	326
2	274	289
12	277	285
10	279	287
1	280	288
15	280	288
32	279	287
29	313	340
35	280	288
18	281	303
17	284	295
38	284	292
21	285	305
25	317	359
40	286	294
36	293	303
6	287	298
22	286	294
19	294	302
11	288	299
8	289	297
28	329	353
28	290	317
1	291	299
0	291	299
39	291	299
26	293	301
9	292	300
37	293	358
16	295	337
29	296	304
14	296	305
38	298	323
10	307	339
7	297	305
35	298	306
41	299	309
32	299	314
31	299	307
5	304	359
20	301	315
27	308	355
25	301	309
8	301	309
17	308	325
0	304	318
34	309	326
15	304	347
24	307	320
8	326	347
13	308	341
36	309	327
35	309	328
22	315	325
39	312	338
6	311	319
11	312	369
19	312	340
30	313	362
12	313	334
18	315	323
21	315	363
2	316	346
24	323	352
26	318	339
32	317	331
14	318	339
1	318	343
6	326	357
23	318	326
9	319	327
4	319	341
0	326	348
20	328	352
18	331	349
7	326	362
3	324	347
40	330	350
41	327	347
23	329	341
36	330	344
5	393	401
9	330	338
33	331	340
22	333	341
32	335	343
35	335	343
34	338	346
17	338	349
29	344	361
12	340	348
16	341	378
38	343	351
10	343	351
4	344	354
26	343	353
33	354	369
19	344	352
9	344	355
22	350	376
32	347	357
1	348	360
8	354	362
31	351	359
17	352	360
36	354	366
10	355	394
39	355	371
14	357	365
38	358	366
2	358	366
40	359	374
20	358	368
15	358	366
37	362	370
25	363	373
28	364	372
29	364	372
17	363	378
5	369	380
35	366	374
12	367	375
3	368	377
15	370	379
7	379	387
1	380	388
39	375	384
20	377	385
18	380	394
0	380	388
4	383	395
16	386	394
29	381	389
16	409	417
25	390	400
9	384	392
15	386	394
13	386	395
33	388	396
6	389	397
22	389	397
11	391	401
7	394	402
27	395	403
23	396	408
15	397	405
14	398	406
5	407	415
3	434	442
29	402	410
36	401	409
6	403	411
4	403	417
10	405	413
21	404	419
2	410	418
18	412	420
22	412	420
12	415	424
20	416	433
34	416	424
8	416	424
27	417	425
10	430	438
4	422	439
35	425	433
29	425	433
32	427	435
38	429	437
16	431	444
15	432	440
34	432	440
31	434	442
0	435	446
41	438	446
2	442	454
18	442	450
21	444	452
24	446	454
39	445	453
23	455	471
8	460	473
14	450	458
34	449	464
26	451	465
0	455	473
36	460	469
9	458	466
19	461	469
40	465	473
7	461	472
39	462	483
29	462	470
37	462	470
10	464	472
21	467	475
4	469	477
5	469	477
38	470	478
19	474	488
36	477	485
37	478	486
35	477	485
3	477	485
21	478	489
15	480	496
34	485	507
0	484	492
14	486	494
27	488	496
23	489	497
40	491	504
26	494	502
0	499	507
4	500	508
33	525	577
9	499	517
21	501	515
6	501	509
27	509	517
18	505	513
32	507	515
37	528	536
3	511	522
22	512	520
40	517	526
2	514	522
7	516	524
17	517	525
0	516	524
23	520	531
13	518	528
6	521	551
35	520	528
36	521	532
10	522	530
26	522	530
32	522	538
1	524	532
14	524	532
28	525	533
30	526	534
19	527	535
2	527	535
15	536	553
26	565	584
31	530	548
18	532	540
41	531	539
11	532	540
29	534	542
35	534	545
36	535	543
16	536	554
20	536	544
8	536	544
7	535	567
17	536	554
0	540	548
10	544	560
27	544	552
9	546	556
25	547	555
24	547	555
36	549	557
14	550	563
19	549	557
2	550	558
1	552	560
24	558	566
39	555	563
4	555	563
35	556	571
23	555	563
0	558	566
9	559	567
17	562	570
5	561	569
21	562	570
12	564	576
22	566	574
6	596	615
31	567	575
34	569	577
11	568	576
0	570	578
16	572	580
5	573	581
10	573	581
14	574	582
21	576	584
20	576	584
17	577	585
18	577	585
28	579	596
9	581	592
6	581	589
15	581	589
3	583	591
41	585	593
2	586	594
23	586	594
29	587	595
16	590	604
33	590	601
22	590	611
31	591	601
28	599	617
30	593	601
15	592	600
13	595	603
25	595	606
10	596	611
34	596	604
5	602	612
32	597	605
1	598	606
3	601	609
39	601	609
41	603	611
14	603	611
33	604	612
15	604	612
11	605	613
26	605	614
29	606	614
18	607	615