26	44	54
22	23	31
24	31	42
39	36	50
34	68	76
2	30	38
20	51	59
12	32	54
31	35	46
40	35	43
16	43	82
11	39	47
41	39	47
7	40	58
8	41	49
30	41	49
10	42	50
5	41	49
17	42	50
23	43	51
25	44	52
32	45	53
4	45	53
27	47	55
1	49	57
21	52	63
19	50	66
9	53	62
2	53	61
5	53	61
25	82	90
38	53	64
28	54	62
18	54	72
13	54	62
15	58	66
25	67	76
30	60	68
29	63	71
36	65	74
21	72	80
24	65	73
1	67	75
26	68	76
2	67	75
10	69	95
38	70	80
35	71	79
6	73	92
12	73	102
0	77	85
27	74	82
14	76	91
37	76	84
15	76	84
19	77	86
31	76	94
41	77	85
5	80	93
2	80	88
9	83	91
23	85	103
24	86	94
22	88	96
3	88	99
1	90	98
36	89	97
18	92	100
34	92	100
19	93	101
15	99	109
8	96	104
17	97	105
30	98	106
20	97	105
39	102	110
40	102	110
38	105	113
1	105	113
16	111	119
6	108	116
24	119	137
7	111	119
29	111	126
13	112	120
25	117	125
4	114	127
32	114	122
12	114	122
40	116	128
21	118	126
1	120	128
41	120	128
2	123	140
22	124	132
11	126	134
23	126	139
33	127	145
0	128	136
12	127	135
27	129	137
26	130	138
18	129	137
1	134	153
21	134	143
19	135	143
31	135	143
10	140	148
29	140	148
9	142	160
2	147	155
27	143	151
5	150	158
12	151	159
22	152	160
18	152	160
5	164	174
4	157	171
13	164	172
32	165	173
33	166	177
35	169	177
16	171	179
15	175	183
37	177	192
20	176	184
3	179	187
31	181	189
1	182	190
39	184	192
16	186	194
27	188	196
23	189	204
18	198	209
3	194	202
21	196	204
40	198	206
15	201	210
13	198	206
35	200	208
19	199	207
29	200	208
10	203	211
34	204	212
11	206	214
13	209	217
0	212	224
20	214	224
16	212	220
36	215	223
27	226	234
26	219	230
31	219	227
25	219	227
37	221	229
9	224	232
14	227	235
10	227	235
21	228	236
18	229	237
22	230	238
34	230	238
12	233	241
40	233	241
15	235	243
1	236	244
4	246	268
3	256	266
29	240	248
26	278	286
34	242	265
27	243	251
14	246	254
12	253	271
5	247	271
25	248	256
28	248	258
10	248	265
32	249	257
0	250	258
29	251	259
16	251	259
38	274	291
18	254	264
20	255	263
13	254	262
41	256	264
20	267	285
23	261	269
2	312	341
17	262	270
26	265	273
8	265	282
14	265	281
37	265	273
7	267	275
36	267	279
16	268	291
25	268	276
0	270	278
21	271	283
28	271	279
39	271	289
2	270	278
40	273	290
29	333	341
23	296	307
18	273	281
4	273	295
5	276	290
12	278	286
1	278	286
24	281	293
28	288	345
13	282	290
2	285	303
3	284	292
32	290	337
27	289	297
9	316	348
22	303	347
19	289	362
25	288	299
13	296	310
34	290	298
20	305	324
7	290	301
40	316	343
14	291	299
10	293	301
38	294	302
1	298	347
26	296	309
9	299	307
7	307	349
36	327	344
16	321	360
11	302	325
21	316	337
30	302	310
27	325	335
14	307	324
12	304	312
3	305	317
16	309	317
26	362	382
27	306	315
0	307	324
38	308	328
4	307	315
6	306	350
25	306	373
37	308	316
34	309	332
10	309	319
5	311	326
18	311	342
24	315	325
35	313	347
29	314	322
12	321	357
33	314	346
41	316	330
8	316	335
37	324	337
17	320	375
39	321	348
26	319	335
31	322	354
0	331	340
23	326	351
3	325	349
24	332	358
20	327	357
10	328	348
29	346	393
30	334	347
15	332	340
4	333	341
14	336	357
4	361	379
5	335	365
38	339	355
13	338	352
8	339	347
32	341	349
2	344	352
11	345	354
26	346	354
36	347	364
41	347	384
4	348	356
27	349	357
30	355	365
9	353	363
39	351	360
0	350	358
6	355	367
15	352	364
22	354	373
33	355	363
21	355	365
40	355	363
10	356	364
32	356	364
11	357	365
37	359	373
1	359	367
20	361	369
28	363	371
14	362	370
12	364	372
11	371	379
18	365	373
38	368	379
0	367	375
9	367	375
16	369	377
31	368	376
23	369	377
8	370	382
34	372	380
10	437	447
40	374	382
10	375	383
18	377	393
1	378	386
15	379	389
33	381	397
28	382	390
24	385	393
13	385	393
40	387	395
7	386	394
0	387	395
41	389	397
34	391	399
6	391	402
38	393	401
25	397	406
12	398	406
19	401	411
38	405	419
28	406	415
37	402	410
40	401	409
24	403	411
22	404	412
16	405	413
9	406	414
18	406	414
36	409	427
29	410	419
13	410	418
3	411	419
0	414	425
6	413	421
22	415	423
8	416	443
23	425	433
20	422	441
26	419	433
31	422	430
28	426	434
19	426	434
9	432	448
32	428	456
40	427	435
34	431	439
30	431	439
29	434	442
18	434	442
5	440	455
39	437	445
3	440	448
24	439	447
13	444	452
17	442	450
21	443	451
27	448	456
34	448	456
10	451	459
36	459	467
3	457	465
11	453	461
29	457	465
6	458	466
8	461	469
29	526	534
1	464	476
5	467	480
9	472	480
35	467	475
11	469	477
37	471	483
2	474	482
13	479	487
8	477	485
15	520	528
34	476	484
33	478	497
24	478	487
40	509	517
18	483	497
6	482	496
35	484	499
10	486	494
29	488	496
1	539	547
0	489	497
27	491	499
11	491	499
26	493	501
5	493	501
13	495	503
23	501	509
31	497	508
18	502	511
41	503	511
12	505	546
38	506	514
34	505	513
37	507	525
33	507	515
2	509	517
6	509	517
19	508	516
2	524	554
1	510	518
36	510	518
5	512	520
20	514	522
23	517	525
26	517	525
13	517	541
3	534	548
34	518	526
21	520	528
7	521	529
25	523	531
22	523	531
41	524	532
31	524	550
32	525	533
0	527	542
28	527	535
40	527	560
9	530	541
5	529	537
39	531	544
19	530	538
24	571	579
6	533	544
35	532	540
8	534	550
38	534	554
36	540	548
37	542	554
27	542	550
16	545	574
0	547	555
17	551	562
18	547	555
23	547	564
33	547	555
7	549	563
14	549	557
19	552	560
22	554	562
11	553	577
32	562	576
9	556	564
8	555	563
36	558	566
27	556	564
13	556	582
13	595	603
0	588	599
10	557	565
9	567	583
26	561	574
31	563	579
1	562	580
14	564	572
22	565	573
28	566	574
8	566	579
2	568	580
29	569	590
19	571	590
6	570	578
38	570	578
23	572	580
40	572	580
25	575	583
21	575	583
35	574	584
36	580	588
27	581	609
32	582	590
15	586	594
20	587	602
21	589	597
5	589	597
8	590	599
22	591	599
24	591	613
36	593	601
39	595	603
29	597	613
40	597	605
32	597	605
35	599	615
2	599	617
4	600	608
37	602	610
18	601	611
1	606	615
41	604	612
30	605	616
14	605	617
39	606	614
22	607	615
9	606	614