7	23	31
24	23	31
30	24	33
36	25	33
16	27	47
0	65	73
40	28	60
23	30	38
12	30	38
34	30	38
29	55	64
11	31	39
27	32	40
20	31	39
22	52	60
6	32	47
38	32	40
5	33	41
28	36	50
15	45	63
17	36	44
32	40	54
3	38	51
2	39	47
24	39	47
37	39	47
8	40	48
26	41	67
31	41	49
11	42	50
9	61	69
35	43	51
23	46	62
21	46	54
0	47	55
5	48	56
7	52	60
17	52	64
27	55	63
18	56	64
38	87	102
12	56	64
8	57	65
32	59	83
34	60	89
41	61	71
28	62	70
11	65	88
39	65	82
33	65	84
2	65	73
23	68	79
24	68	76
8	69	77
18	67	75
17	72	86
6	68	87
14	70	78
38	70	78
35	71	79
26	71	79
12	71	80
31	71	79
1	73	81
15	73	81
36	76	84
40	77	85
16	128	139
16	82	90
28	83	98
22	82	90
35	83	91
5	85	93
23	85	93
19	93	104
25	86	94
4	87	95
7	89	97
2	91	101
21	98	106
7	111	133
41	94	102
10	94	102
35	96	104
36	96	104
18	96	104
8	97	105
39	98	106
13	100	108
4	101	109
32	102	110
5	104	112
25	106	114
22	111	119
14	109	117
8	108	116
6	110	119
3	113	121
23	110	118
30	175	183
11	121	129
18	113	121
13	113	121
31	114	122
30	115	131
19	117	125
34	117	125
33	123	131
23	123	131
10	124	132
26	125	139
27	127	135
40	126	134
38	127	135
21	128	136
13	128	136
35	129	144
11	133	141
14	134	143
2	141	150
30	140	148
39	146	154
15	163	174
8	155	169
40	156	164
33	157	165
11	158	166
21	159	167
25	166	174
10	164	172
22	165	173
29	164	182
1	166	174
17	168	176
35	175	183
24	179	187
8	181	191
38	179	187
0	182	190
28	183	191
31	185	201
40	188	196
14	187	195
15	192	200
30	193	201
27	198	210
14	225	237
7	200	208
40	200	208
33	200	218
18	204	216
22	205	217
13	204	216
16	207	219
41	206	219
4	214	222
11	221	230
25	215	223
2	215	223
36	217	225
34	218	226
35	221	229
29	223	231
37	228	240
0	226	250
10	226	234
8	228	242
12	234	242
15	231	239
2	234	246
36	233	241
21	235	243
29	235	243
31	237	245
26	238	246
14	240	248
37	244	257
33	247	255
23	242	250
7	242	250
15	243	251
13	282	295
28	244	252
12	251	262
16	246	254
9	247	259
32	248	256
17	249	257
1	250	258
29	250	264
8	251	264
22	252	260
3	315	329
41	255	270
38	255	263
5	307	342
36	258	278
20	259	269
15	258	266
39	259	267
16	260	268
24	260	268
32	261	269
33	261	278
25	313	364
19	263	271
11	264	272
28	264	272
29	326	349
5	266	274
25	270	278
29	275	283
7	273	281
38	274	292
27	274	289
20	274	282
16	274	282
40	274	282
30	275	286
6	303	332
17	278	294
24	281	289
23	277	285
10	282	291
2	280	288
21	281	298
26	308	342
22	282	290
39	288	299
40	285	297
0	281	295
31	311	320
28	285	293
25	285	305
29	286	294
32	286	295
1	288	307
23	289	301
26	291	299
4	293	301
31	292	300
14	293	316
9	294	302
19	294	302
3	294	307
21	301	316
18	295	315
38	302	353
7	300	308
41	301	344
28	301	349
36	299	329
27	300	308
32	316	326
16	301	317
33	301	335
2	303	320
34	302	311
20	305	325
9	308	322
7	320	328
30	309	317
34	314	348
10	309	332
23	313	350
40	315	339
17	312	337
4	313	334
24	312	320
27	313	332
35	315	360
30	321	341
18	319	344
19	316	324
11	315	358
8	316	334
16	321	341
1	319	327
39	318	326
14	319	339
13	321	342
37	320	328
21	321	351
2	324	343
15	324	353
12	323	347
3	333	355
20	328	338
24	328	341
0	327	345
1	330	345
32	330	345
31	329	357
22	330	354
39	333	357
7	332	344
6	337	354
8	339	356
33	379	387
9	339	374
10	340	348
4	340	378
33	343	362
28	358	382
14	342	353
17	344	356
27	343	374
20	346	355
13	346	354
18	347	362
24	347	355
10	351	366
2	352	369
1	348	364
36	349	357
7	350	358
26	350	373
30	353	371
12	353	361
23	353	361
41	355	367
34	356	364
14	356	364
0	356	370
13	357	365
21	361	371
3	361	369
40	360	368
6	360	369
32	360	370
19	362	370
15	363	376
8	365	373
33	366	374
12	368	376
17	370	380
9	404	412
9	385	395
13	370	378
17	384	392
10	372	380
35	371	402
38	373	381
1	372	383
16	376	386
14	374	382
36	377	385
32	378	386
24	378	386
21	381	389
7	379	387
3	380	388
40	382	390
6	387	397
34	389	397
18	389	397
25	389	397
32	391	399
5	390	398
27	395	403
36	393	406
40	396	410
28	397	405
10	400	408
11	404	412
32	405	413
1	411	422
6	408	416
23	409	417
17	425	433
41	413	421
7	411	419
20	411	419
16	416	426
17	414	422
4	415	423
10	418	426
8	420	428
9	421	429
28	420	428
33	447	458
33	425	433
20	431	449
23	424	432
34	426	434
36	427	435
27	429	445
7	429	437
37	429	437
40	431	439
25	430	438
26	430	442
41	431	439
2	433	441
3	434	442
18	433	451
19	434	442
9	436	451
21	441	449
24	443	451
15	444	452
14	445	456
19	446	469
11	449	457
13	457	465
30	450	458
39	455	463
0	455	469
28	456	464
15	458	466
25	458	466
1	463	471
38	464	472
2	468	481
20	469	477
11	477	500
4	468	476
18	471	479
13	470	478
28	475	483
7	476	484
3	476	490
29	479	487
39	480	488
24	506	539
33	481	489
30	484	492
6	519	529
9	486	494
40	486	496
16	486	494
28	488	496
7	488	499
36	487	495
4	491	518
28	542	552
41	493	504
20	492	500
14	494	502
21	495	503
16	497	505
13	497	515
19	511	521
37	501	513
3	503	522
26	503	517
27	511	537
34	511	519
23	505	513
6	508	516
2	510	518
35	511	519
14	512	536
0	512	520
16	513	521
11	516	536
36	522	530
18	516	524
37	526	538
13	522	533
31	519	527
21	522	535
8	523	536
1	524	532
33	524	532
3	525	533
4	524	532
0	525	533
25	526	538
23	525	533
41	527	535
29	529	541
18	531	539
7	531	539
5	533	541
25	545	561
13	539	551
22	539	547
9	539	547
19	538	546
3	540	548
26	540	548
20	541	549
7	542	550
14	542	550
9	550	558
37	543	551
30	545	554
24	547	555
33	545	560
35	546	558
1	548	556
8	550	558
36	552	560
21	553	561
19	553	561
26	554	562
4	552	560
23	555	580
37	558	566
10	558	570
17	557	565
12	559	569
35	565	574
30	567	581
31	565	573
26	566	581
32	568	576
11	567	575
3	569	577
20	569	577
24	571	593
38	570	587
18	573	581
13	574	582
19	575	583
16	575	583
5	574	588
31	576	584
39	577	585
40	576	589
7	581	590
36	578	586
2	578	586
33	580	588
37	590	598
14	586	594
28	585	593
3	586	594
17	589	597
4	589	597
34	588	596
12	590	598
16	593	607
5	592	600
32	594	602
36	595	603
33	596	604
25	595	603
19	598	606
31	598	611
22	598	606
28	598	606
3	597	614
30	608	616
23	602	612
10	600	608
4	600	608
11	601	609
21	600	608
24	601	613
7	607	617
34	608	616
1	603	611
25	606	614
6	607	615
40	608	616
41	609	617