2	44	74
39	41	76
28	23	33
15	26	37
39	28	38
38	27	42
26	29	39
31	30	40
28	56	87
19	33	48
5	32	47
20	32	45
2	32	42
25	33	43
23	34	55
3	38	48
17	34	46
0	36	46
11	36	72
32	37	47
26	44	54
4	38	50
24	50	64
1	39	55
33	42	54
8	40	61
21	40	65
41	41	57
30	49	62
27	43	91
13	43	79
7	68	79
12	46	56
6	45	55
40	48	65
14	46	71
18	47	59
7	48	59
29	48	64
34	48	67
35	49	63
38	49	59
0	50	76
16	50	68
10	51	64
17	52	62
5	52	92
36	52	73
25	83	99
30	63	78
3	54	64
25	55	65
37	55	86
40	70	84
4	55	65
19	55	65
20	55	93
15	57	67
22	58	73
17	64	78
8	66	76
3	66	76
9	67	77
23	67	78
1	70	80
24	70	89
41	71	81
18	73	83
21	73	83
10	74	84
6	76	91
2	77	87
35	76	96
22	78	88
31	78	103
8	78	97
14	77	87
33	77	103
11	82	92
9	78	96
17	79	89
19	81	91
36	87	121
39	83	93
26	85	96
32	86	109
10	86	96
7	85	95
1	85	95
34	87	113
30	130	140
38	87	97
40	89	106
22	90	104
14	92	112
23	92	107
13	91	101
29	92	112
27	92	102
21	93	103
41	94	104
38	129	147
5	98	119
20	100	113
8	100	110
3	103	113
19	103	114
17	105	115
29	113	137
12	107	122
40	107	117
11	107	117
30	108	118
8	119	134
36	140	151
39	108	118
15	110	130
28	109	119
2	111	121
23	112	122
35	113	123
1	114	124
31	117	130
17	117	138
6	117	127
18	117	127
33	118	128
41	118	128
7	120	130
4	121	138
39	123	133
12	123	133
40	122	132
11	126	138
1	127	137
22	127	137
28	127	137
25	127	137
5	129	139
20	129	139
14	130	140
31	134	144
23	134	144
21	133	143
28	139	150
2	134	144
22	138	148
32	135	145
6	135	155
18	145	157
3	142	156
8	149	161
20	143	153
24	142	156
14	153	164
31	150	160
19	151	166
15	152	162
13	151	161
25	155	165
2	154	164
35	155	190
34	156	166
26	164	174
1	159	169
22	159	170
40	160	179
36	160	174
12	161	171
13	165	175
3	163	173
32	165	183
2	178	191
30	177	187
4	169	179
28	170	187
9	174	202
31	173	183
41	173	186
1	177	191
14	177	187
20	178	188
17	178	188
11	179	189
40	180	190
31	184	203
6	184	194
4	183	193
13	185	197
34	185	195
33	189	199
24	191	201
35	192	202
29	192	202
10	193	211
17	194	208
12	194	204
1	200	210
29	219	229
37	202	215
2	201	215
40	201	211
41	204	223
23	203	213
6	203	213
33	202	212
22	214	233
39	206	216
26	207	217
36	209	224
1	218	229
35	208	226
34	208	218
8	209	219
25	211	221
19	210	220
4	211	221
31	212	241
40	214	230
30	215	225
13	216	226
28	216	226
12	218	232
27	217	227
30	248	267
9	222	232
7	223	233
6	223	233
5	244	254
17	227	239
14	227	237
16	225	235
11	228	246
19	227	237
35	231	241
32	298	380
36	232	251
23	249	261
29	234	248
39	232	242
24	234	244
38	233	243
14	266	278
20	235	248
28	235	245
16	237	247
32	238	248
37	241	251
25	241	303
12	240	250
21	245	266
8	249	265
15	245	275
2	244	254
24	245	261
41	246	271
27	245	264
31	246	256
11	248	288
26	248	258
0	249	259
29	250	260
37	253	272
7	250	267
34	290	339
40	293	380
32	251	261
13	254	279
9	253	263
33	255	278
34	255	265
28	256	266
5	256	301
20	259	277
1	257	267
39	261	273
2	259	296
6	258	289
18	259	273
16	261	271
3	263	371
38	264	274
40	267	278
28	267	277
29	266	359
23	267	277
21	268	287
10	269	349
8	269	279
26	276	372
31	278	314
36	273	290
18	277	290
1	274	287
30	274	293
35	312	363
22	276	287
41	277	287
19	276	286
33	279	289
23	279	292
39	278	288
28	280	290
9	281	291
14	281	302
37	282	292
12	283	296
17	283	348
8	283	343
0	294	305
4	284	299
16	285	295
19	315	346
15	285	304
7	287	297
22	288	366
6	298	356
35	290	310
38	295	327
28	293	363
9	292	326
33	301	349
1	315	365
7	301	347
23	307	335
11	296	379
18	297	360
5	302	363
39	298	380
13	297	346
37	298	372
2	302	344
21	298	318
27	299	314
4	300	314
41	300	362
30	301	402
12	302	374
24	302	342
16	303	357
0	346	366
36	305	346
25	306	319
0	314	331
14	310	365
15	317	335
20	314	331
31	316	342
38	328	352
4	315	325
27	316	371
13	350	383
21	320	333
25	323	369
4	327	343
9	330	367
23	338	363
15	337	385
21	336	362
0	335	345
20	337	348
35	383	409
2	348	387
34	340	352
24	343	361
17	349	383
33	350	369
31	350	363
7	350	364
20	351	371
8	352	370
38	353	382
19	353	363
36	362	372
24	364	374
41	363	374
18	363	374
29	365	376
28	365	376
14	368	378
4	370	383
19	370	380
34	371	392
36	376	388
27	372	382
1	373	400
16	372	387
0	374	384
37	375	385
5	374	392
31	377	395
6	378	388
3	378	388
25	379	389
20	379	408
10	379	389
12	380	431
22	381	391
23	382	392
41	384	402
33	386	416
32	387	397
26	387	410
8	389	399
29	388	398
25	393	408
13	393	413
22	428	440
23	395	407
16	396	416
11	396	406
27	397	407
32	402	413
14	397	436
38	401	411
22	401	417
18	403	413
7	402	419
2	426	445
32	420	430
41	405	423
40	404	415
39	428	451
21	406	416
20	409	419
31	412	445
29	409	419
9	411	421
36	410	420
28	412	426
11	412	434
19	413	429
37	412	422
39	413	423
33	418	440
26	414	424
24	417	427
0	423	433
27	418	428
27	449	465
8	418	430
21	418	428
18	420	430
17	420	441
30	422	439
5	423	433
36	425	445
25	428	446
6	439	451
28	428	438
15	428	438
4	429	448
21	430	440
16	430	449
27	433	445
1	433	443
41	432	442
5	435	447
19	435	445
24	434	444
38	435	445
23	436	448
12	438	448
20	443	453
12	460	481
3	440	462
21	441	453
35	442	452
37	442	452
28	441	451
29	443	453
18	443	453
8	445	458
40	445	455
11	445	455
26	444	455
17	447	459
5	449	459
30	460	480
2	456	467
20	454	464
9	455	471
36	456	476
13	456	473
11	458	472
0	461	473
37	464	478
26	464	474
39	462	476
22	464	474
13	479	490
3	466	477
6	466	477
23	466	476
32	468	482
7	465	475
14	467	477
27	470	490
28	470	480
16	470	480
41	471	481
33	472	484
26	475	485
29	474	484
17	474	489
1	476	486
15	478	488
22	477	494
3	480	490
36	480	490
31	481	491
35	482	492
8	484	495
24	509	527
16	484	494
26	486	496
28	486	497
4	485	495
30	487	497
41	488	498
31	493	503
2	488	498
39	491	501
0	492	502
8	498	509
15	494	505
10	493	503
25	495	509
34	496	514
22	497	507
4	497	509
14	501	518
21	501	520
32	502	515
13	503	513
26	503	513
28	534	566
20	504	515
10	505	524
12	504	515
18	508	518
38	572	591
15	508	518
5	508	518
25	510	520
6	511	530
1	511	521
0	511	521
41	511	521
39	510	543
9	516	535
19	511	560
40	511	521
17	514	539
34	516	527
37	516	545
30	516	532
23	516	526
36	518	528
35	518	528
7	519	536
20	519	529
4	521	531
13	519	529
5	519	529
12	521	546
14	520	531
21	521	534
29	522	537
18	521	531
27	523	552
0	523	544
33	522	532
15	523	537
25	523	535
31	524	534
16	526	554
2	525	540
32	528	538
3	526	566
26	526	550
8	529	554
39	544	555
11	532	542
6	532	551
40	533	568
1	535	545
36	536	546
38	536	546
31	536	546
20	536	554
41	537	548
16	555	569
32	545	555
21	540	550
10	539	556
17	542	576
9	542	558
17	580	617
24	543	553
7	546	573
18	546	562
33	545	579
4	547	566
1	547	557
37	548	558
25	548	558
0	550	566
36	550	560
38	551	568
20	555	566
31	552	577
11	554	564
13	553	563
23	555	569
39	559	570
24	557	584
26	556	567
22	560	574
2	560	575
9	560	571
29	560	584
25	560	577
10	561	571
1	562	580
35	563	573
41	570	583
8	562	574
21	564	574
11	567	578
18	565	589
23	572	590
27	568	591
36	568	579
14	570	595
15	570	580
4	572	582
39	572	582
0	571	581
19	574	589
12	573	607
0	582	601
25	583	596
37	574	584
26	591	616
35	576	618
26	576	586
20	577	587
2	579	602
7	578	588
9	579	589
21	580	613
33	583	593
10	583	619
1	583	593
8	586	596
41	586	596
28	585	595
15	586	596
4	591	619
3	588	598
36	588	598
22	595	619
13	588	604
6	588	598
29	594	604
31	589	599
24	589	599
39	591	601
9	590	600
40	591	601
11	593	611
32	593	607
37	599	618
16	604	614
20	596	616
18	596	619
8	597	616
31	600	619
6	599	619
3	600	617
23	599	615
36	601	611
30	602	619
25	601	615
1	601	611
15	604	614
28	604	614
33	605	619
5	604	614
41	605	615
39	605	617
27	608	618
13	608	618