3	30	53
22	23	40
4	23	45
22	39	64
23	27	41
20	27	42
16	30	45
21	29	43
0	44	68
40	32	46
12	33	52
14	34	70
39	34	60
8	34	48
5	35	49
27	38	65
7	35	52
2	35	51
28	36	50
6	37	51
35	44	64
25	38	63
32	38	61
20	40	54
21	41	56
34	43	61
33	41	57
3	50	70
41	43	57
37	43	57
31	44	68
11	44	66
13	46	60
5	46	60
8	47	61
28	48	83
19	49	66
36	49	63
24	50	69
2	50	64
29	50	70
18	50	66
7	51	65
38	51	65
16	53	68
40	53	82
23	66	91
4	54	68
41	54	68
5	61	98
15	55	78
12	57	73
2	62	80
37	58	72
9	60	74
21	60	99
32	60	74
1	67	90
7	64	87
36	64	78
25	63	83
17	65	79
10	66	80
41	67	81
11	67	91
24	68	82
26	68	89
19	68	82
18	68	83
29	68	82
8	68	96
13	70	84
14	70	85
39	70	84
6	73	89
12	74	88
16	74	88
22	73	91
31	74	116
37	75	95
35	77	91
17	77	97
38	77	111
2	78	92
29	79	108
41	78	92
40	79	106
30	82	102
24	83	97
0	84	98
3	84	98
32	84	99
14	84	108
13	84	98
16	86	114
15	85	108
9	87	110
41	89	120
19	90	115
36	90	104
37	92	106
27	95	119
24	95	109
18	105	120
13	98	112
35	102	124
14	141	159
1	98	112
36	101	115
17	104	118
5	104	122
40	106	120
7	180	211
10	114	130
34	109	133
39	109	123
28	111	125
8	111	125
37	111	125
6	112	126
26	111	133
33	114	154
17	176	210
32	113	129
36	129	147
23	114	135
11	114	128
31	115	130
19	119	133
0	116	130
20	132	149
38	123	140
18	119	133
17	119	135
40	120	138
30	123	137
1	123	147
12	130	144
15	124	138
4	124	141
37	125	139
21	127	141
0	127	147
24	126	143
22	130	144
7	134	148
28	130	144
27	132	146
41	164	181
29	137	156
26	138	152
8	138	162
3	139	158
37	139	153
34	141	155
12	141	159
28	144	158
41	143	157
31	145	169
18	147	161
13	148	162
16	150	164
3	157	171
32	153	167
30	158	173
17	153	167
20	157	181
22	156	170
12	156	170
11	158	172
29	159	173
6	160	174
40	161	175
19	163	177
1	162	176
24	164	184
26	165	179
13	164	187
0	166	180
28	166	185
37	166	180
34	168	182
10	169	184
33	171	185
29	171	185
6	174	188
15	176	190
23	181	195
30	178	192
24	220	244
10	184	215
24	182	196
27	183	202
29	183	197
33	184	198
41	188	202
12	188	202
1	191	212
6	198	215
9	194	208
18	197	216
8	198	215
39	199	213
30	202	216
26	205	219
33	205	225
25	204	218
13	206	220
37	207	221
11	206	220
24	207	221
34	207	221
40	209	223
39	211	225
17	213	227
15	215	229
29	216	238
7	215	247
19	215	229
40	220	242
13	221	235
8	223	238
36	222	236
12	223	237
3	225	242
21	225	239
34	228	250
14	229	249
2	236	266
32	230	244
22	228	242
41	230	244
28	230	251
25	230	244
5	233	271
19	243	258
9	235	282
10	239	253
30	239	253
39	239	253
24	242	256
23	245	259
31	244	260
40	243	263
1	244	266
13	243	264
7	244	258
22	244	258
35	269	302
36	243	261
35	245	259
15	245	259
8	247	267
37	245	263
11	254	274
6	256	274
32	248	262
19	259	274
4	250	264
39	250	270
13	265	279
26	252	275
21	252	266
17	254	316
10	255	273
14	255	269
38	256	290
41	273	288
32	262	278
7	256	270
15	258	272
23	257	271
34	257	290
28	260	276
24	258	279
40	261	275
41	261	275
39	270	290
4	262	290
16	262	295
18	306	361
18	263	277
26	293	365
14	266	280
27	266	281
30	265	279
20	285	301
32	338	364
33	266	280
20	269	283
5	301	355
29	270	287
12	270	284
19	271	294
25	269	288
23	271	291
22	272	292
30	276	330
28	274	288
20	304	338
11	275	293
40	274	291
2	274	288
1	275	317
6	277	307
25	290	355
36	278	292
15	278	301
10	279	302
32	282	296
21	281	319
0	286	300
9	285	299
37	287	307
14	288	307
11	297	386
18	289	303
7	291	363
16	316	347
31	290	358
33	291	305
14	307	390
3	293	365
2	294	308
23	294	312
15	298	346
40	294	369
32	295	309
4	296	312
28	308	380
29	296	314
34	301	338
8	298	312
22	299	363
19	303	366
9	302	325
6	304	367
39	301	353
24	303	365
27	306	320
41	304	373
12	305	328
35	305	319
37	306	360
2	306	320
38	306	377
36	306	320
10	307	337
17	314	366
0	307	356
29	312	357
23	309	406
35	317	360
33	310	349
13	310	351
32	311	333
8	312	381
2	318	350
1	314	337
4	313	369
27	318	391
36	321	346
21	332	370
9	327	361
12	326	389
30	331	380
1	335	358
34	336	371
10	338	354
20	340	383
15	343	361
16	345	365
39	350	364
33	350	393
13	351	367
10	351	373
2	352	366
25	352	381
22	444	461
36	353	367
16	368	391
29	357	376
5	357	371
18	358	373
0	358	388
22	361	375
32	362	381
1	363	390
24	366	393
5	368	382
31	369	383
37	369	395
39	368	382
2	371	385
41	371	402
22	373	387
6	373	391
35	373	388
4	374	393
40	375	389
38	375	399
36	378	392
10	379	397
19	381	395
30	383	399
5	383	397
7	384	398
20	383	434
11	384	398
1	387	401
26	387	411
34	387	408
6	393	407
40	391	405
39	392	406
37	392	412
2	394	413
15	397	412
8	398	412
29	397	414
14	399	413
33	404	419
41	401	415
13	404	418
6	404	418
39	405	449
23	407	434
1	407	421
22	409	423
26	409	423
37	414	428
15	409	423
35	410	425
2	410	469
38	411	425
32	420	434
28	415	429
5	415	429
0	416	430
1	435	453
12	417	431
29	417	431
8	421	435
31	419	433
9	419	433
18	427	447
40	422	436
36	422	436
16	424	438
11	427	441
24	428	442
3	428	447
41	428	451
37	429	464
6	430	450
20	431	445
35	430	448
10	431	445
32	431	445
9	431	446
26	431	445
13	432	446
17	433	447
4	455	469
23	434	449
8	435	459
29	434	448
15	434	464
7	435	461
33	438	468
11	438	452
27	438	452
14	443	457
34	443	457
0	443	457
10	450	474
20	445	459
17	446	460
26	452	466
18	446	470
8	509	526
21	447	461
30	448	467
16	447	461
40	449	463
38	450	464
23	452	466
24	453	467
29	453	467
28	469	486
6	455	470
39	455	469
41	458	479
17	459	474
23	468	484
8	461	476
1	461	478
20	461	475
9	460	474
11	462	477
38	464	478
40	465	479
36	467	481
15	474	488
16	469	483
29	468	482
31	471	498
7	472	486
4	472	486
26	473	492
33	474	490
30	474	497
24	475	489
41	476	490
40	476	490
25	475	489
21	478	498
5	480	494
18	529	559
19	481	503
34	482	496
16	482	496
6	483	505
39	484	498
37	492	506
8	486	510
32	487	501
22	522	587
24	488	531
0	488	508
13	489	514
7	490	504
40	489	503
23	493	507
28	494	508
36	494	515
22	496	514
17	497	511
9	497	514
18	499	513
16	501	515
15	502	526
35	503	527
33	503	517
4	503	517
20	506	520
26	526	552
2	510	533
3	511	525
23	512	526
15	557	575
38	511	544
40	513	536
27	512	534
37	513	537
34	525	542
26	514	528
41	519	536
17	519	546
19	515	535
32	520	542
29	515	539
5	517	544
13	515	529
28	518	532
16	519	533
9	520	549
33	520	541
11	520	534
1	520	534
10	521	551
25	521	539
13	527	544
20	523	545
4	524	538
8	525	552
3	526	541
6	527	548
16	538	552
31	527	544
21	529	543
36	531	548
14	530	583
24	551	567
39	539	562
0	532	546
1	532	548
19	532	556
28	534	548
37	534	548
31	565	614
24	536	551
7	536	550
29	538	567
11	539	553
27	537	558
23	538	552
34	539	555
30	540	554
4	540	561
2	540	558
13	542	557
31	542	556
33	541	567
17	544	601
3	543	567
12	546	560
21	547	574
32	549	584
35	548	571
6	549	566
41	550	567
7	550	575
37	551	565
8	550	564
12	557	584
23	552	588
10	552	566
37	563	577
5	553	581
25	554	568
9	557	583
30	555	569
2	562	581
34	557	571
1	556	570
39	559	593
28	560	580
0	560	603
38	563	577
13	563	577
36	563	577
41	564	605
8	565	579
11	566	595
33	570	586
6	567	585
3	590	617
35	568	582
4	569	585
19	569	619
29	570	585
27	570	584
34	574	588
13	574	588
7	576	590
28	577	592
30	578	592
5	578	592
10	582	621
20	596	623
25	580	594
20	580	594
24	580	600
2	580	594
35	581	595
26	581	595
14	581	603
36	581	599
29	582	596
25	609	623
27	586	613
21	582	596
33	583	597
6	585	603
12	585	601
15	585	599
34	587	603
32	586	600
40	586	600
37	587	601
5	589	603
38	589	610
4	590	606
13	589	621
30	592	618
28	592	606
8	593	607
21	594	622
35	594	617
2	596	620
26	595	609
33	596	610
23	598	616
39	598	617
29	601	622
15	599	615
9	600	614
11	600	614
36	602	623
34	602	616
8	604	618
0	603	623
26	606	620
17	606	623
7	607	621
32	606	620
24	607	622
40	609	623
37	609	623
6	609	623