32	26	32
21	26	32
39	39	45
37	34	46
13	30	46
12	31	48
8	32	53
36	33	42
24	36	42
38	34	40
0	34	54
38	45	52
19	37	44
32	38	44
17	50	63
20	38	46
34	39	45
2	40	46
40	40	46
15	41	47
29	42	58
1	42	48
28	42	48
6	44	50
9	59	73
16	45	55
27	51	57
34	51	57
7	50	58
3	50	56
21	51	57
26	58	67
14	53	65
31	53	59
30	55	66
22	55	61
40	56	62
15	57	63
36	57	69
33	59	65
21	62	70
12	74	84
2	64	70
6	64	70
20	66	72
11	67	74
35	66	74
0	67	79
15	68	74
28	68	76
24	69	75
40	69	80
23	69	77
37	69	75
29	70	76
10	72	78
33	73	79
6	75	82
36	75	81
27	75	81
16	75	82
26	74	80
32	76	99
30	76	89
15	98	104
1	78	84
22	78	85
17	78	84
4	80	86
37	83	98
21	85	91
0	85	101
15	85	91
34	85	91
38	87	98
33	88	94
35	87	93
18	89	95
11	97	103
10	90	96
7	91	97
13	92	100
3	91	106
23	93	99
36	94	100
8	99	105
21	98	104
4	99	105
6	102	108
35	102	108
5	103	109
24	102	118
40	105	111
13	105	111
21	109	115
3	112	125
1	112	118
22	158	164
2	117	123
41	128	135
29	119	125
33	118	125
4	122	128
12	125	131
39	127	133
18	128	134
1	129	135
24	130	138
10	137	143
32	138	144
13	139	145
6	140	146
34	152	159
11	149	155
8	150	164
23	151	157
1	153	159
15	259	267
24	161	167
25	165	171
18	169	175
10	168	174
27	172	196
24	181	187
4	176	182
41	176	182
18	186	192
29	181	187
37	182	188
35	184	190
11	188	201
0	192	198
39	194	200
12	195	201
16	199	205
9	198	204
19	201	208
2	201	207
6	207	213
35	203	209
5	206	213
8	210	216
1	208	214
27	210	216
4	214	220
37	215	221
24	216	222
22	216	222
28	217	223
16	224	231
15	220	236
18	223	229
3	223	229
14	224	230
17	225	231
4	226	242
13	235	241
23	232	238
38	230	236
5	232	238
11	233	239
7	236	250
33	239	251
32	242	253
36	244	250
29	245	251
6	247	253
23	251	260
15	246	252
17	247	253
27	248	254
4	250	259
19	251	257
23	279	285
34	253	259
21	261	275
9	253	259
1	255	261
41	256	262
39	255	261
14	262	268
0	257	263
31	258	264
6	260	266
8	261	276
26	260	267
36	261	267
30	261	267
22	263	269
33	263	274
16	265	271
17	266	272
1	266	272
41	270	285
19	266	272
2	267	288
4	268	275
31	274	288
24	285	297
36	272	288
11	271	278
10	295	309
10	274	280
22	274	298
40	275	282
15	275	281
20	275	281
39	276	282
9	277	283
34	295	346
28	280	300
7	287	293
36	325	349
17	282	288
3	281	287
13	284	296
26	288	294
9	298	306
14	285	294
0	284	290
29	296	303
38	293	353
5	287	293
12	287	299
15	294	311
35	345	367
32	287	295
37	290	296
41	292	304
4	300	345
18	298	307
17	304	349
8	297	312
0	299	305
7	298	304
40	298	304
1	306	351
5	300	318
28	325	339
31	300	306
14	303	339
3	304	312
33	311	344
7	331	357
32	305	330
37	305	317
31	311	340
24	358	372
36	306	312
21	308	353
19	307	313
19	335	341
11	308	315
2	307	325
25	307	313
6	309	315
37	324	332
24	310	316
9	311	318
35	313	335
26	317	326
20	312	331
0	313	366
12	318	357
18	313	320
41	315	321
13	315	353
23	316	337
27	318	348
16	328	340
22	317	341
15	317	323
7	319	325
10	318	333
8	318	324
25	320	326
39	320	337
29	321	352
9	323	339
6	325	333
40	324	330
5	325	334
20	377	383
30	325	331
3	325	347
18	327	334
15	329	348
24	328	339
41	328	334
25	331	363
9	346	355
11	333	341
37	337	350
8	337	352
10	338	344
40	338	352
20	339	348
32	338	344
26	338	344
30	340	346
6	342	348
16	347	364
23	351	368
5	344	350
28	346	352
14	346	359
18	345	351
24	345	351
39	348	355
32	350	365
11	353	380
41	349	355
26	351	357
33	351	358
22	353	359
2	353	359
13	358	365
4	354	360
34	354	360
5	355	368
37	358	364
19	356	366
17	357	363
1	360	372
36	359	365
40	363	369
15	364	384
31	365	381
18	365	371
41	364	370
2	368	374
9	367	373
38	369	375
10	368	374
4	370	376
6	370	376
37	371	382
41	375	389
40	375	381
6	392	398
13	378	384
29	377	383
33	381	387
21	382	388
19	383	389
27	387	393
4	388	394
11	390	398
29	389	409
22	389	401
32	396	402
33	396	402
21	400	406
26	400	410
1	406	416
37	407	413
2	407	420
17	408	414
24	410	418
10	411	417
39	411	417
7	417	423
21	416	422
15	418	424
31	418	424
33	421	437
35	597	611
28	422	428
9	421	427
6	426	434
37	429	437
34	425	439
2	425	431
22	427	433
12	428	434
10	428	434
39	433	440
40	429	435
27	431	438
31	429	435
5	431	441
17	434	440
11	439	445
6	440	446
20	440	446
37	444	450
23	443	449
0	445	451
41	445	451
7	446	461
17	448	461
40	449	455
12	450	456
31	451	457
33	452	458
27	454	460
4	458	471
15	465	471
36	459	465
22	459	465
21	459	465
3	460	474
39	463	469
24	462	468
9	464	470
5	471	477
17	468	474
16	469	475
31	468	474
18	470	476
7	473	479
37	474	485
2	476	482
40	476	482
12	477	489
4	480	486
28	480	486
34	480	494
29	480	486
41	481	487
24	484	490
16	485	491
22	486	492
26	486	492
19	488	494
30	491	501
2	492	498
12	497	505
29	494	500
23	494	500
36	521	538
4	495	506
13	498	508
8	499	505
7	499	505
0	502	508
17	502	508
25	544	559
27	503	509
28	504	519
25	505	521
15	506	512
35	508	514
33	510	519
34	509	515
21	510	516
26	516	522
31	513	523
2	513	519
39	514	530
0	517	532
15	517	532
18	526	532
38	516	532
14	517	523
23	519	529
13	519	528
11	518	527
29	519	525
16	521	527
32	522	538
5	523	529
9	523	529
19	526	532
4	526	535
33	533	539
17	532	538
30	543	561
24	534	540
27	536	569
21	534	540
31	534	540
3	535	541
37	540	546
35	538	553
0	537	543
41	538	544
40	540	546
6	541	571
29	540	546
26	544	550
13	543	549
10	547	555
31	545	551
11	544	552
9	545	572
16	547	553
36	548	554
33	548	554
2	552	558
8	555	574
7	555	563
17	557	563
20	557	563
24	557	563
18	567	573
39	557	573
23	557	563
16	566	575
21	563	569
29	562	568
19	567	574
33	566	572
13	566	574
10	568	582
0	571	577
12	570	576
24	570	576
32	570	576
34	571	577
37	572	579
11	572	578
29	574	585
26	576	587
5	576	582
35	576	582
3	576	582
40	579	585
27	580	586
31	585	591
0	582	588
21	582	594
33	583	589
11	584	590
15	583	589
32	585	591
12	586	599
37	586	601
36	586	592
16	586	612
2	588	595
6	589	595
3	592	607
28	596	603
24	593	599
17	595	601
13	594	600
40	596	611
41	597	613
36	597	606
34	598	611
25	599	605
6	602	610
8	601	608
20	604	610
37	606	615
2	609	615
4	607	613
12	608	614
11	609	615
14	609	615