27	22	32
40	26	59
19	26	36
5	24	34
12	24	38
38	25	35
30	27	37
22	27	37
37	30	40
22	41	51
7	30	41
1	30	40
36	54	71
29	31	57
28	32	42
4	33	47
13	33	45
25	33	51
11	34	51
21	34	50
14	34	47
34	35	45
8	35	49
26	48	80
24	37	57
15	38	61
39	38	71
33	38	62
31	38	48
32	39	60
19	40	52
18	46	56
30	41	63
23	42	53
3	43	55
35	44	54
12	45	56
2	46	88
38	45	62
0	47	62
20	47	79
6	50	61
4	51	80
28	50	80
31	51	70
1	52	62
9	52	62
10	53	63
16	54	64
23	56	67
21	58	68
5	56	66
11	56	66
19	56	66
12	57	67
29	60	72
35	60	78
22	61	87
41	62	79
18	62	92
8	64	74
17	65	76
13	66	78
40	66	80
14	66	87
1	65	75
27	67	77
32	68	79
12	69	79
3	68	78
38	70	90
5	69	87
23	72	101
10	73	93
33	72	83
6	72	82
24	72	89
37	72	83
9	75	86
25	73	83
34	76	87
36	76	86
21	77	87
7	77	87
16	77	93
39	76	89
30	77	87
12	118	131
41	80	90
12	82	96
17	83	102
40	85	95
27	84	103
3	85	114
29	87	97
35	89	105
9	89	99
6	91	107
7	91	112
13	92	102
1	93	103
24	94	104
25	94	104
21	95	112
4	95	105
5	95	113
13	104	116
38	96	106
12	100	114
2	97	107
30	97	107
15	98	115
33	99	116
22	123	137
19	100	110
11	103	118
16	104	114
24	105	115
18	103	122
37	105	127
26	105	115
4	107	117
27	108	118
6	109	127
23	110	128
35	112	127
30	114	124
39	114	124
2	114	128
31	116	141
9	118	128
14	119	142
29	120	130
3	127	139
17	125	139
34	124	134
4	124	142
33	125	135
1	125	135
7	124	134
41	125	135
40	127	137
6	132	145
32	127	137
10	135	148
19	131	141
23	131	141
38	131	141
36	258	269
2	134	144
26	134	144
20	134	144
30	136	154
18	136	160
33	136	155
32	139	149
25	141	151
40	141	151
8	144	166
1	148	158
0	149	159
3	149	167
12	151	161
27	168	194
34	151	161
10	153	163
32	153	163
28	153	163
36	156	179
25	158	168
39	158	168
15	160	170
16	160	170
0	184	208
30	161	171
40	170	183
24	163	173
12	163	183
7	163	173
14	164	174
4	167	177
37	167	177
6	170	180
29	178	199
3	173	189
28	179	189
41	175	185
30	176	186
15	176	186
17	180	190
35	181	191
34	183	193
23	195	211
1	185	195
10	186	197
6	184	194
24	187	197
19	187	197
8	188	200
16	189	199
20	189	204
38	191	201
37	191	203
30	192	217
19	199	214
2	194	204
4	195	205
17	195	205
6	204	214
40	199	212
29	201	216
18	198	214
31	199	209
15	203	213
9	202	217
34	204	214
25	207	227
39	207	217
22	209	219
21	210	220
31	210	220
7	213	223
24	216	226
3	215	225
37	216	248
34	220	231
38	220	230
27	220	231
10	271	300
1	222	232
8	223	233
30	224	234
33	226	236
26	227	237
2	228	252
17	230	242
24	234	250
18	230	258
16	231	241
29	230	249
14	232	242
12	233	246
13	233	258
34	232	242
40	234	244
0	266	301
1	236	246
27	236	290
3	236	248
21	235	245
23	238	248
10	245	270
20	240	250
4	242	257
28	243	253
0	242	253
26	244	275
19	256	279
30	245	255
39	274	302
21	246	263
35	246	277
33	247	262
1	248	263
7	248	262
36	247	257
11	247	257
5	251	264
28	264	276
6	251	294
17	251	264
25	255	268
23	252	271
8	253	263
29	255	270
16	256	274
14	261	271
20	260	270
3	260	270
32	264	274
37	261	287
9	261	271
39	262	272
40	262	288
38	263	273
3	284	307
33	267	277
8	267	281
17	265	278
12	266	289
2	268	295
22	288	338
30	269	279
9	272	285
22	271	282
3	271	281
24	273	287
31	274	284
20	273	292
7	273	292
18	292	302
5	275	299
29	276	286
16	276	286
4	277	287
17	279	289
15	280	290
30	280	290
35	281	302
19	281	291
23	283	343
11	284	295
21	286	303
26	287	297
38	295	360
37	289	299
34	288	298
40	294	333
24	288	298
31	290	319
36	316	342
14	291	301
1	291	305
12	291	335
39	303	342
18	306	390
9	292	302
13	293	352
19	292	323
33	293	344
41	293	303
4	300	334
1	312	329
2	299	335
14	303	333
36	294	304
17	298	380
25	298	337
30	299	347
7	300	360
24	300	310
27	300	336
26	300	310
28	300	372
8	302	316
11	302	337
6	304	363
9	308	360
15	303	368
16	315	368
21	304	333
37	305	376
5	304	371
16	304	314
29	305	365
27	340	358
0	309	347
10	308	343
3	312	330
35	316	370
20	309	347
26	311	352
34	311	359
32	310	366
41	315	339
8	317	353
24	316	357
31	320	349
12	340	350
22	378	399
14	338	365
23	364	374
1	330	374
3	333	385
19	329	361
21	335	348
11	340	370
2	340	350
4	336	353
40	338	388
39	346	369
25	341	355
22	342	352
36	344	360
33	345	359
10	347	361
8	357	376
4	354	364
0	350	387
23	353	363
30	353	379
31	353	365
22	355	365
12	356	386
41	355	406
13	358	368
27	359	413
25	357	373
26	358	377
21	358	370
10	365	376
2	359	377
34	360	370
20	363	383
7	362	387
6	365	389
4	366	379
9	366	376
29	366	376
13	369	382
31	367	380
15	369	379
24	376	386
16	373	383
19	373	383
32	374	384
11	376	387
34	376	394
35	377	387
36	378	388
21	384	402
10	379	389
8	379	389
28	382	392
23	381	391
30	405	438
29	383	393
9	383	393
20	384	394
3	386	412
14	388	400
31	389	399
24	388	400
15	393	403
16	396	419
5	390	408
6	392	402
11	394	404
28	395	405
12	396	406
33	397	407
35	397	417
4	398	408
23	400	410
18	401	411
20	401	411
29	401	417
34	402	412
38	407	417
24	408	425
1	413	427
5	411	421
23	413	430
11	413	432
8	412	435
6	413	423
40	413	423
26	492	505
22	414	424
33	453	465
12	416	431
17	417	451
36	416	426
0	417	433
38	418	428
7	422	443
9	436	446
2	422	432
34	475	486
10	422	440
35	422	432
18	424	434
25	424	435
31	425	443
32	424	434
9	425	435
4	428	438
41	427	446
13	430	440
19	432	442
21	433	443
11	433	443
32	435	445
40	434	446
0	436	447
29	437	448
15	441	451
27	437	448
5	436	456
12	437	451
28	437	447
18	440	450
30	439	454
34	442	452
10	442	452
8	447	457
38	494	507
35	445	455
4	447	457
16	447	457
24	449	459
39	449	459
31	449	466
20	450	460
27	450	460
23	560	577
7	450	478
28	453	463
3	455	465
26	457	468
17	457	467
41	458	468
6	458	468
11	459	469
2	459	477
1	462	472
36	462	474
8	463	473
22	464	474
21	466	482
5	466	476
4	466	484
25	467	477
41	470	480
32	469	479
15	471	481
27	473	483
35	473	483
12	473	484
5	479	489
23	474	489
10	474	484
41	510	549
40	476	486
19	478	488
25	479	489
30	479	489
28	479	489
6	480	490
39	479	498
18	512	532
17	481	491
8	481	497
6	491	503
21	486	496
10	485	501
18	486	509
24	486	496
40	487	497
19	489	503
7	491	570
14	492	505
35	494	504
11	494	507
15	494	504
12	498	518
21	498	508
30	498	508
25	499	509
29	501	511
20	500	510
10	502	533
5	502	512
23	501	511
33	502	519
37	504	521
4	504	514
9	504	514
40	505	519
0	504	515
16	505	531
36	506	516
34	506	516
32	508	526
28	507	554
11	509	532
25	510	549
13	511	536
39	512	544
27	511	537
23	513	533
5	513	525
15	513	523
17	515	525
31	515	570
20	515	536
6	515	525
1	520	532
38	520	530
2	521	561
3	525	609
4	526	560
22	525	535
26	527	546
34	533	560
21	529	567
6	528	553
9	531	550
36	531	547
14	532	550
5	532	545
29	532	542
16	534	544
24	540	558
1	533	543
15	535	545
33	536	546
17	536	546
18	536	546
37	541	563
23	537	547
19	537	547
30	545	555
35	541	565
27	544	554
40	544	554
12	547	557
1	545	563
22	548	582
5	547	563
16	548	558
19	550	583
14	552	562
11	552	572
38	552	562
13	552	573
10	554	565
32	553	563
40	558	568
17	555	573
0	555	565
28	555	573
25	558	568
11	594	604
18	558	568
24	559	578
33	559	569
8	560	580
20	559	569
41	559	569
36	560	583
6	562	578
16	562	594
39	563	579
30	563	579
27	563	573
9	562	572
26	565	575
14	568	578
37	569	579
21	569	596
35	568	578
10	571	581
40	571	581
18	572	582
12	572	601
32	571	581
1	572	582
7	573	591
25	578	615
34	574	584
17	576	592
27	575	585
4	575	585
9	576	586
5	578	588
20	578	588
23	578	588
0	577	600
26	578	596
15	579	589
2	580	590
11	581	591
6	580	600
29	581	596
32	582	592
19	586	601
33	583	596
7	599	619
34	588	598
36	587	597
28	587	597
30	590	602
9	590	604
22	591	617
18	591	610
15	592	602
40	592	602
1	594	610
38	595	618
31	597	614
27	597	618
4	597	607
23	596	609
39	598	609
41	598	617
20	598	608
16	599	609
14	600	614
33	601	611
17	604	614
35	600	618
24	603	613
26	604	614
2	606	616
19	606	619
9	607	617
8	608	618
4	608	618
12	608	618
29	609	619