41	41	60
17	24	30
26	64	82
20	25	31
8	26	32
3	27	33
1	29	35
0	33	39
24	31	37
12	33	39
2	34	56
9	35	58
6	37	53
31	36	50
15	40	48
21	37	46
26	39	45
16	52	58
3	82	88
20	40	48
21	52	66
11	43	53
19	46	52
39	45	51
22	48	54
28	48	57
4	49	55
23	50	67
40	50	56
37	50	56
7	52	72
10	51	57
0	52	58
32	52	58
3	53	59
12	54	68
18	54	60
13	55	66
29	57	63
40	85	91
30	91	102
4	60	72
32	63	70
36	64	76
6	66	72
9	67	84
37	67	84
25	68	74
38	68	88
28	67	82
5	67	73
41	69	75
14	72	78
8	75	81
32	77	83
23	77	83
7	78	84
1	80	86
27	79	90
13	80	86
5	80	93
10	83	89
33	83	89
12	84	90
6	85	91
20	85	100
36	86	92
18	90	96
31	93	113
15	94	100
14	95	103
26	96	102
6	97	103
10	97	103
11	104	114
34	99	105
2	129	138
29	100	106
27	102	108
32	101	107
20	105	112
23	111	117
15	112	118
10	115	121
36	114	120
14	115	129
6	115	121
7	118	125
16	119	134
31	119	125
27	118	124
35	120	127
4	121	127
28	126	132
41	128	134
39	129	139
12	137	151
9	131	137
36	137	153
33	134	140
7	135	141
24	142	148
29	148	154
35	149	155
4	156	162
13	153	159
10	158	164
25	167	173
36	167	173
16	171	182
11	172	178
41	194	200
35	203	209
15	179	185
33	180	193
4	182	188
19	185	191
17	186	192
24	189	195
4	193	199
37	194	203
1	196	203
27	196	213
16	201	207
31	202	208
5	203	209
13	203	215
29	203	209
15	204	210
24	215	221
12	212	218
1	213	223
18	212	218
21	214	225
35	215	221
19	214	227
9	215	227
36	215	225
6	216	222
5	216	222
32	217	223
14	223	229
39	227	233
12	230	240
10	232	238
39	239	255
30	233	239
28	232	241
26	234	240
23	237	246
33	237	243
11	237	243
18	278	289
31	266	272
29	243	249
29	260	270
37	243	249
28	248	254
5	245	257
36	245	251
12	245	251
30	254	260
0	249	264
10	251	257
13	320	356
38	252	258
33	251	257
15	253	259
41	253	260
40	252	258
11	286	292
7	254	260
6	254	260
1	257	263
32	257	263
19	258	264
14	258	264
27	261	267
37	262	277
16	264	270
5	264	277
25	270	285
6	273	289
30	268	275
3	269	292
34	268	288
11	299	348
38	271	277
36	270	276
7	272	278
21	272	293
17	276	282
22	275	281
30	282	307
26	277	283
4	278	284
23	279	294
13	280	286
37	282	302
5	282	288
0	282	288
32	283	289
31	285	291
9	285	291
35	286	295
40	293	301
17	289	300
4	290	300
36	289	295
25	291	297
27	289	310
15	291	297
33	293	307
7	292	307
0	299	330
24	308	338
8	293	310
3	297	303
21	298	304
13	306	312
31	299	311
35	300	342
26	306	314
27	317	357
41	300	306
10	301	307
18	303	346
16	304	311
5	304	356
17	305	311
23	304	332
12	305	311
36	307	352
29	308	332
28	308	338
1	309	326
15	309	318
19	309	320
21	311	355
39	312	318
7	312	335
10	313	340
2	313	319
6	315	326
41	315	352
34	314	359
33	315	350
38	316	364
20	314	328
30	315	329
12	316	341
35	353	359
37	322	358
40	319	350
19	327	337
16	320	338
8	321	327
22	321	350
32	327	351
39	325	342
4	323	357
26	322	328
15	325	335
25	327	333
23	338	346
14	326	356
31	327	333
3	330	349
9	332	338
1	332	341
0	335	349
20	336	356
27	363	375
8	338	344
31	338	348
29	338	350
25	340	350
26	341	351
6	344	360
9	345	352
17	347	353
40	359	366
39	347	361
16	347	358
12	349	355
30	351	357
7	355	364
15	351	357
24	352	368
36	363	372
10	361	373
3	355	366
41	357	365
31	358	380
28	357	363
29	359	370
16	364	370
9	360	366
2	364	370
8	360	390
5	361	376
33	362	368
4	365	371
15	365	371
35	365	381
1	364	370
20	365	374
32	367	373
13	367	373
9	376	385
0	368	374
39	372	378
26	381	390
22	372	383
33	375	381
30	375	381
19	378	384
6	378	400
21	379	385
5	387	393
13	379	385
25	381	387
33	386	392
27	388	394
19	392	398
24	394	400
40	394	400
32	395	401
18	398	409
31	401	407
3	402	408
16	403	417
39	403	409
29	402	417
41	404	410
34	406	412
21	406	414
26	408	414
29	441	448
14	411	420
20	410	416
19	441	462
26	443	462
0	412	418
27	521	529
5	418	429
17	418	424
24	416	422
36	417	423
41	417	423
36	446	454
19	420	426
18	421	435
37	422	428
27	423	429
7	424	430
3	429	436
24	427	433
30	428	440
8	427	433
1	430	436
0	434	442
11	431	438
10	432	438
12	432	438
35	434	440
4	437	443
24	438	444
13	440	446
15	445	451
1	445	453
12	445	451
5	458	464
10	449	455
21	449	455
41	448	458
0	450	456
30	542	555
25	452	458
39	452	458
17	453	459
23	453	467
2	456	462
18	459	465
1	464	478
15	465	471
31	465	471
10	468	481
14	468	474
22	467	473
27	468	480
6	471	477
18	473	489
25	475	486
38	477	483
31	478	484
29	476	490
28	481	487
4	487	493
5	482	488
37	485	504
0	486	492
33	489	495
16	490	496
11	493	499
23	495	501
24	496	502
6	497	503
27	498	504
25	500	506
32	498	514
40	500	506
0	503	509
12	561	568
19	502	519
15	505	555
33	504	513
7	504	515
39	512	519
38	506	512
12	507	515
16	507	513
28	506	512
13	509	515
11	512	523
26	512	518
17	514	528
40	514	520
3	515	530
0	515	529
22	519	525
2	521	527
12	520	526
34	523	540
8	523	529
21	528	536
37	525	531
23	527	533
33	527	533
38	527	533
24	529	535
14	529	535
1	529	535
16	529	535
11	529	541
29	532	538
40	532	538
13	531	537
0	534	540
5	534	540
9	535	542
2	536	542
25	536	542
32	538	544
19	542	548
4	542	553
20	546	552
35	542	557
35	590	607
14	542	548
41	542	550
36	544	550
33	544	550
0	569	578
34	547	562
9	547	553
6	548	554
38	548	561
21	548	554
10	548	554
24	550	556
39	550	556
32	553	559
27	559	566
18	554	566
11	554	560
14	555	561
3	560	566
2	560	566
8	560	566
36	559	579
19	559	572
25	561	567
13	565	571
5	566	583
1	566	572
33	568	574
23	568	581
28	568	574
41	569	588
21	570	580
34	572	578
7	572	578
30	573	579
2	573	579
26	575	581
38	574	580
18	575	581
21	599	608
24	577	585
13	581	587
31	581	587
25	581	587
22	583	589
0	585	600
31	598	606
11	584	590
10	587	615
32	588	594
26	593	612
29	591	597
39	591	597
3	595	613
6	591	605
4	591	607
2	593	606
25	594	605
17	592	598
19	594	603
30	594	606
9	595	601
8	597	603
38	598	615
28	604	610
5	600	606
13	603	610
15	603	609
37	605	611
16	607	613
29	607	613
14	606	612
22	606	612
8	609	615