35	34	44
37	31	66
10	32	66
7	65	78
39	22	32
20	22	67
36	24	34
0	25	37
23	28	49
9	28	47
31	33	43
27	29	39
33	30	40
0	49	76
4	43	65
30	31	41
19	34	49
21	41	58
18	34	44
32	35	45
16	37	63
12	37	53
28	38	48
22	42	53
11	39	58
36	40	50
17	41	51
1	41	51
2	41	51
24	42	60
15	44	60
5	42	80
3	58	69
29	43	53
14	44	54
25	44	60
39	43	68
33	43	56
26	43	53
30	55	87
6	44	54
7	45	56
8	45	60
23	50	71
31	52	63
13	70	102
32	52	69
34	54	64
38	54	78
9	56	66
36	56	68
26	55	65
35	64	85
12	57	71
41	57	67
8	66	76
29	60	70
11	62	72
19	62	88
15	66	92
33	67	79
37	68	78
6	67	95
10	67	77
20	68	82
24	69	80
25	69	79
36	69	84
18	69	79
21	68	88
17	70	80
40	72	99
4	70	80
39	71	92
2	71	81
26	72	82
41	84	102
9	75	85
3	75	85
27	77	92
1	77	104
16	77	88
37	80	100
11	81	91
22	80	101
32	140	150
25	83	100
29	84	94
18	85	95
10	84	94
9	86	96
38	88	103
3	86	96
4	88	98
7	87	112
2	89	99
35	88	98
23	90	105
31	92	102
14	93	103
26	92	102
24	93	103
0	93	106
34	95	105
20	94	104
12	101	124
11	97	108
17	98	108
10	105	132
39	117	134
15	99	115
16	100	119
5	101	111
39	101	111
41	103	118
9	102	112
8	103	113
29	103	113
11	116	131
6	104	115
21	106	119
35	105	127
0	108	118
2	137	147
2	107	120
3	108	118
24	108	123
20	110	120
37	110	128
4	115	128
3	173	192
40	111	121
19	110	120
27	111	121
5	120	130
26	112	122
19	121	135
38	120	132
29	115	125
15	116	126
36	116	126
14	118	128
17	118	128
3	119	129
18	119	129
20	123	146
34	123	133
33	124	139
21	127	137
8	127	137
17	132	144
24	127	137
15	127	137
28	129	140
12	129	148
16	133	143
18	132	157
41	134	144
21	138	158
31	138	148
9	140	150
6	139	149
14	141	158
15	143	153
28	142	156
23	145	167
24	153	173
11	147	157
10	147	157
41	147	157
33	149	159
27	152	162
28	157	175
31	155	165
19	155	165
8	156	166
2	157	167
32	160	170
5	159	169
40	160	170
35	161	176
39	162	179
15	168	178
18	164	174
6	164	174
21	165	175
26	173	183
31	166	176
13	177	190
30	168	178
14	170	180
38	171	195
1	170	180
23	170	180
34	172	190
29	172	182
7	174	184
11	174	184
6	182	194
24	178	192
2	179	189
33	185	202
22	181	191
0	180	190
28	193	203
19	182	195
20	187	197
11	187	197
17	188	201
22	195	212
12	190	200
35	189	202
37	190	200
5	198	209
39	194	204
13	198	208
9	200	210
1	200	219
15	201	212
10	274	286
26	206	216
10	207	220
25	226	243
40	207	218
20	210	220
28	207	217
24	208	218
12	210	220
7	292	318
32	250	281
0	211	221
41	215	234
22	215	225
33	214	230
16	217	229
6	291	365
13	218	228
2	219	229
18	220	248
36	220	230
6	220	230
30	226	236
25	246	256
32	226	236
26	225	235
3	226	245
27	226	245
35	231	242
17	228	238
21	229	249
2	234	244
19	234	266
22	306	342
28	233	243
7	234	244
26	236	246
16	248	258
4	239	249
22	241	251
6	241	253
24	242	252
20	259	286
20	242	252
13	242	258
0	242	252
8	244	261
9	244	254
2	245	255
22	275	296
35	245	255
5	246	271
3	246	259
37	246	256
31	256	266
22	253	271
12	265	277
27	248	263
14	249	259
10	250	269
30	250	260
26	251	261
40	250	260
33	252	272
24	253	263
41	253	263
23	261	275
1	256	276
25	257	267
6	257	267
37	258	278
16	261	271
18	261	271
17	262	279
39	262	272
15	261	276
4	261	282
26	269	285
30	263	273
25	278	352
3	264	274
2	264	274
2	275	294
11	264	285
40	267	287
36	267	277
38	268	278
6	269	290
31	268	289
29	269	279
28	271	281
35	271	281
41	273	291
16	272	298
17	293	306
8	274	298
33	278	289
14	276	376
7	278	291
18	279	298
39	283	311
35	286	350
3	279	289
21	281	291
27	281	291
38	283	373
29	291	390
32	282	292
12	284	344
5	284	364
19	287	310
16	300	367
15	286	296
24	287	297
34	288	299
28	288	298
4	312	355
33	292	302
9	291	301
3	315	338
21	296	315
4	294	311
3	295	308
23	295	305
36	295	364
1	295	315
20	297	318
0	299	312
37	298	316
40	299	366
15	300	319
24	299	309
28	300	359
8	318	350
32	301	351
30	302	379
27	301	353
11	304	357
8	303	315
13	305	355
18	305	381
2	305	348
15	321	331
26	308	358
17	308	369
9	309	372
24	312	357
10	313	358
34	314	363
39	312	338
31	312	365
41	314	358
0	314	324
19	315	364
37	318	379
21	321	331
1	318	332
20	323	358
23	325	335
3	509	531
33	329	371
7	332	368
1	333	383
23	336	377
15	335	369
39	339	360
2	351	378
3	345	358
21	347	369
12	347	370
22	348	381
39	361	376
35	355	374
25	354	372
8	354	364
26	364	374
4	358	375
32	357	367
27	359	379
11	359	373
10	359	376
0	361	374
24	361	371
41	361	371
20	362	372
28	363	385
3	363	373
6	367	377
36	366	389
8	368	378
16	370	380
5	371	383
20	373	383
7	375	385
13	375	398
32	375	396
9	377	401
23	381	407
19	386	396
14	379	399
21	378	390
12	382	394
16	382	392
37	381	391
33	384	394
7	386	396
6	387	397
38	390	400
28	390	400
40	392	409
29	393	408
25	394	404
34	394	404
26	396	406
20	396	407
27	397	407
6	398	413
17	398	410
4	399	416
32	399	409
39	399	416
6	441	459
10	403	413
33	403	417
30	402	412
13	404	415
11	404	414
1	406	429
16	405	415
34	405	415
21	405	415
28	406	421
2	407	417
23	408	436
35	410	427
17	411	436
37	420	440
22	411	421
38	413	428
10	520	539
39	421	431
21	417	437
2	419	429
29	427	437
7	420	430
32	421	431
41	423	442
14	424	434
20	426	436
31	426	436
0	427	437
24	428	438
30	437	448
33	430	440
22	430	444
1	430	440
11	431	441
7	438	448
9	434	444
3	436	449
38	436	466
26	436	446
5	435	445
32	438	448
4	438	454
17	442	453
40	439	455
18	439	449
28	440	450
2	441	460
13	441	451
12	444	454
33	445	455
11	459	477
3	485	497
32	450	470
10	447	457
16	447	457
36	449	463
24	450	460
8	450	464
39	453	466
14	453	463
5	456	466
17	457	467
31	457	467
29	463	476
22	464	474
9	464	474
21	463	473
26	465	475
1	470	481
37	471	489
18	470	494
23	473	483
41	474	484
39	476	486
36	477	514
31	477	488
24	477	502
19	478	488
8	477	488
13	479	489
27	479	489
11	481	493
15	483	501
35	483	493
40	485	495
39	487	497
22	490	502
7	488	507
9	489	503
27	520	539
31	492	510
20	493	503
29	493	503
23	492	502
4	493	503
14	494	516
28	495	505
12	494	515
6	499	509
34	498	513
25	500	510
27	500	511
2	502	522
40	516	557
15	503	522
5	504	514
24	505	515
9	505	531
8	506	516
32	507	560
17	509	524
35	509	525
1	508	518
22	509	519
33	510	520
6	510	520
11	513	524
39	518	532
13	529	555
20	514	524
29	515	536
36	517	527
26	516	542
16	525	542
34	519	529
38	520	537
19	520	535
25	520	530
4	522	535
31	522	532
7	522	540
23	524	534
8	523	539
24	524	540
36	529	548
25	532	553
37	532	557
41	531	556
30	534	550
9	534	560
6	534	544
10	542	555
18	533	552
11	533	543
3	534	545
14	536	546
28	534	559
4	536	549
39	537	547
34	536	561
20	536	563
1	537	553
12	538	555
15	539	558
17	541	551
22	542	553
19	543	553
7	542	553
29	542	552
21	545	556
24	545	555
2	546	556
5	550	561
31	550	565
0	556	577
14	550	560
3	552	562
38	553	563
36	552	562
30	553	563
33	553	563
27	554	564
25	554	564
16	554	564
24	556	569
10	556	566
1	555	574
41	557	571
18	557	567
3	591	619
7	560	570
9	561	577
26	560	570
8	560	585
23	560	574
35	564	574
32	564	585
22	564	576
5	564	574
22	595	618
34	572	583
14	564	584
4	566	584
19	566	576
12	565	576
36	567	596
17	567	599
16	572	589
21	568	578
37	568	579
25	569	584
38	570	588
18	570	580
6	571	581
5	579	619
31	572	582
7	573	583
27	573	584
26	573	583
30	575	593
29	575	607
41	580	604
20	579	604
10	583	595
39	582	597
12	583	593
21	582	593
28	584	607
35	585	611
19	585	595
11	585	595
37	586	596
2	587	619
9	588	598
27	590	607
34	589	608
33	594	608
19	596	616
8	590	600
38	590	600
16	590	600
1	590	600
6	591	617
15	593	618
8	601	619
0	593	603
31	594	604
11	597	607
25	597	607
32	598	613
23	598	608
10	605	618
40	603	614
16	603	617
21	604	614
7	604	614
24	603	613
12	608	618
41	605	619
0	606	616
4	608	618
20	605	615
18	607	617
28	609	619
30	608	619
26	609	619