27	40	48
6	23	31
30	25	36
20	35	43
33	48	67
32	27	35
38	48	67
15	38	46
19	42	51
10	27	36
4	27	39
37	42	50
3	32	47
35	32	40
13	32	61
9	37	45
25	37	45
2	39	54
36	38	47
18	40	48
17	39	47
24	40	51
11	41	54
41	40	48
40	41	49
21	41	49
12	56	64
34	49	57
0	49	57
35	48	56
9	49	57
29	52	61
23	52	60
17	53	69
22	53	63
32	53	70
41	54	68
28	58	81
10	58	67
20	59	68
8	60	78
39	59	78
15	60	76
4	61	69
3	62	70
38	72	85
9	66	76
23	67	75
28	113	123
31	68	76
25	71	80
16	70	86
17	75	83
19	73	81
26	72	80
6	72	95
14	76	91
35	78	86
13	77	85
3	78	86
41	78	86
5	78	92
1	81	89
7	86	94
11	87	126
37	87	95
40	87	95
39	92	108
9	88	96
15	90	98
33	90	98
22	91	99
0	91	99
19	93	101
17	92	100
32	96	104
26	101	109
1	103	111
29	104	112
35	105	113
15	106	114
30	108	116
6	112	120
22	113	121
0	114	122
32	115	123
39	116	125
20	120	128
36	127	135
41	121	136
6	123	131
15	123	132
29	126	134
25	128	136
38	130	143
26	129	142
4	130	138
12	132	140
17	133	141
31	146	160
1	140	148
23	138	146
15	141	149
24	142	150
7	145	153
21	144	152
3	147	155
38	149	157
1	151	170
37	150	158
38	169	181
30	158	166
25	161	169
8	163	171
41	163	177
26	165	173
31	166	174
16	166	174
35	168	178
19	171	179
8	177	185
41	180	188
33	183	201
26	186	194
1	192	200
7	191	199
3	193	201
13	196	204
19	197	205
28	197	205
25	199	207
22	198	206
30	198	206
29	199	207
40	202	218
18	203	222
27	204	212
11	206	214
31	207	215
38	207	221
33	212	228
8	210	227
22	216	224
2	212	221
17	216	224
32	216	224
41	217	225
0	221	229
27	222	231
4	222	230
5	223	231
16	225	239
26	224	236
1	224	239
7	228	258
19	229	237
36	228	236
12	230	244
38	234	242
40	234	242
27	237	246
31	233	241
19	251	259
37	240	248
41	241	249
30	244	252
31	245	255
17	247	257
22	246	254
16	246	261
29	247	255
9	248	256
13	249	257
26	253	263
4	264	273
20	254	262
5	253	261
30	255	280
22	259	274
16	280	294
9	260	275
21	258	276
28	260	268
1	260	268
31	323	340
17	265	274
15	261	269
25	262	270
13	263	271
41	263	271
3	267	280
38	270	278
12	273	283
23	268	276
16	268	276
5	272	297
10	268	278
19	268	295
1	272	280
26	308	368
34	273	284
27	274	282
24	274	285
25	275	283
25	288	341
2	281	294
18	280	288
40	287	298
23	283	291
38	283	291
31	283	291
3	283	293
29	284	303
6	283	291
28	286	299
34	295	328
9	286	345
16	347	361
2	305	337
37	290	308
39	290	298
27	292	300
4	305	330
33	315	334
17	300	308
3	296	304
23	295	303
14	296	304
36	303	328
37	331	347
17	336	348
18	302	332
11	299	321
30	299	307
13	329	355
31	301	309
32	302	310
41	303	346
39	303	311
30	315	340
38	342	367
8	303	311
5	310	344
33	303	311
7	305	318
14	309	317
10	305	313
19	309	317
24	307	315
20	306	321
0	307	352
6	307	316
8	316	364
27	307	328
40	307	315
29	310	318
18	336	344
21	311	319
37	311	319
38	311	319
12	310	320
22	311	319
31	312	320
15	312	320
35	313	321
1	352	365
1	318	335
13	313	322
16	316	338
2	342	351
39	317	331
23	315	323
24	323	336
6	322	340
3	315	342
32	316	332
10	319	345
28	323	351
19	320	328
38	322	338
14	320	328
39	336	362
21	322	330
7	322	330
40	323	334
17	323	333
29	329	345
12	323	333
23	335	379
22	325	368
20	325	351
15	325	333
11	326	360
34	332	361
21	337	350
27	331	369
35	331	342
14	333	346
19	333	360
7	336	360
4	335	347
12	336	344
40	337	345
24	346	357
11	371	386
1	339	347
6	345	369
25	345	364
15	347	363
12	347	355
31	348	356
35	349	357
36	352	360
9	352	360
28	354	375
0	355	368
21	355	363
3	355	363
14	356	368
30	355	363
37	362	370
15	374	399
13	362	370
24	363	371
19	363	385
9	368	380
8	369	384
25	375	386
32	369	379
17	371	379
20	373	381
33	425	435
29	373	381
13	375	383
17	442	450
1	377	396
40	379	390
23	392	401
30	390	398
32	392	400
36	394	402
5	400	417
35	394	405
4	398	406
40	415	423
37	401	409
11	405	413
20	402	410
1	421	430
33	405	413
0	408	416
41	411	427
4	414	422
30	478	514
6	416	424
39	418	426
35	418	426
22	417	428
15	423	431
18	423	431
30	424	442
36	424	432
12	425	433
9	426	434
16	428	436
23	429	437
32	431	439
2	431	439
2	447	455
37	436	445
11	437	445
27	441	451
13	440	452
8	442	450
36	443	451
29	444	455
28	447	455
39	450	462
41	451	459
34	452	460
6	453	461
3	455	468
40	458	470
10	458	466
22	460	468
14	459	474
29	462	470
27	461	469
41	463	471
18	465	473
2	466	474
32	468	484
8	470	478
4	471	479
16	473	487
5	473	481
25	472	490
21	473	487
7	474	492
24	475	483
40	483	494
1	478	492
35	482	490
0	482	490
20	487	495
31	516	527
11	486	494
24	488	512
14	489	497
26	491	500
8	492	500
29	495	504
16	499	507
21	499	507
41	501	511
32	500	518
10	504	512
37	504	512
36	504	518
27	507	531
14	509	525
8	512	520
17	512	520
13	512	520
9	514	525
2	514	522
6	514	522
28	518	526
20	519	531
39	520	528
33	521	529
25	521	529
40	523	537
11	522	536
22	523	541
8	523	531
18	522	530
1	522	537
29	524	532
36	524	532
35	534	550
13	525	533
17	527	542
32	527	535
19	529	537
38	529	537
41	529	537
5	531	539
12	530	538
31	532	540
27	534	546
9	533	541
15	534	550
23	536	544
12	554	569
7	537	545
33	538	547
36	539	547
41	540	548
14	540	548
39	540	548
18	545	553
6	540	553
28	540	557
0	540	555
40	541	549
2	543	551
22	544	552
34	544	557
21	546	554
26	547	555
8	548	557
16	597	613
37	549	570
36	550	558
23	550	558
4	551	561
10	553	561
13	553	561
3	554	562
27	555	563
18	558	566
39	556	572
6	557	565
19	558	568
16	558	566
9	559	567
38	573	585
15	559	567
30	561	579
23	562	570
8	564	573
34	565	574
41	564	572
5	566	578
40	565	588
17	567	588
25	566	574
33	568	580
22	568	576
14	568	576
26	592	603
15	571	579
36	570	578
11	573	581
3	574	582
18	576	584
0	579	587
31	585	612
9	582	590
7	584	592
33	584	594
35	588	596
29	588	596
15	588	596
8	590	613
22	591	599
41	592	600
37	591	607
5	594	602
14	593	601
38	598	606
25	598	613
35	599	607
40	600	608
24	600	608
21	602	612
41	603	611
4	605	613
2	603	611
33	604	612
27	604	612
3	604	612
30	608	616
5	608	616