6	38	46
12	47	56
32	20	28
30	23	49
9	25	33
10	26	34
2	29	37
18	29	37
37	30	43
23	30	66
25	31	47
29	34	43
14	32	40
3	37	66
24	32	40
0	33	41
38	33	49
39	42	50
28	36	44
17	37	45
27	37	45
31	37	45
33	38	46
17	50	63
15	40	57
2	41	49
11	44	55
36	41	56
16	42	50
1	43	51
35	43	51
18	43	63
19	45	55
5	48	56
24	48	67
21	49	58
13	51	59
26	51	59
34	51	59
31	54	62
16	55	63
25	57	65
29	57	72
37	57	65
32	57	74
12	59	67
40	60	78
34	66	98
36	66	74
9	68	81
25	69	87
16	71	88
21	71	83
41	70	78
14	70	78
13	73	87
19	77	85
2	75	83
11	76	90
8	76	84
39	78	86
31	78	86
41	86	94
37	79	95
7	80	88
14	92	107
24	84	92
18	84	92
8	87	95
40	86	94
20	89	97
27	91	111
26	90	98
2	93	101
16	94	102
30	95	103
18	97	105
41	98	113
6	98	106
10	101	109
38	101	112
1	104	112
13	107	115
30	106	114
16	108	116
28	109	127
40	109	117
11	111	119
14	110	118
36	111	119
31	113	121
20	119	127
19	115	123
25	116	124
5	119	127
27	119	127
19	126	138
24	163	171
15	126	134
31	128	136
10	130	138
22	132	140
1	131	139
3	135	144
38	138	150
41	139	147
35	139	147
6	141	149
8	140	148
27	143	151
30	144	152
4	145	153
36	147	155
0	146	154
24	149	157
18	200	208
10	151	159
31	154	171
13	153	161
33	163	171
7	156	164
39	161	169
2	163	171
20	165	174
21	176	186
34	168	176
16	182	190
37	183	191
10	187	195
28	193	203
17	190	198
1	194	202
29	197	205
14	196	204
37	197	205
34	198	206
11	198	206
15	200	208
19	258	266
22	205	213
27	206	220
2	206	214
24	217	227
34	209	217
12	207	215
6	211	219
20	211	219
15	211	222
31	212	220
17	219	238
3	215	241
8	217	227
12	219	227
0	219	227
39	219	227
40	221	229
21	223	231
18	225	233
30	228	236
1	230	247
9	231	239
41	232	250
6	233	241
31	236	248
12	235	243
21	241	254
14	238	246
10	240	248
5	245	257
13	245	253
9	245	253
6	246	254
39	246	254
20	247	255
7	248	260
33	247	255
38	250	264
1	250	258
37	251	259
18	252	260
35	252	261
26	261	276
36	255	268
25	255	270
23	256	264
13	256	264
34	259	267
8	260	272
35	275	285
10	260	268
28	260	268
3	262	270
1	263	271
30	263	271
9	263	271
24	267	275
11	266	274
2	265	273
20	272	280
31	267	284
7	268	276
13	269	277
5	269	287
30	276	292
16	271	291
29	271	291
37	271	285
32	271	286
12	272	280
14	272	280
33	280	288
22	273	281
23	276	284
38	276	284
10	275	283
26	284	296
4	281	289
36	281	297
8	281	300
3	308	361
19	283	297
15	342	350
18	283	297
11	287	297
32	289	328
28	286	294
25	288	296
15	289	297
24	312	350
2	293	301
17	293	301
21	294	302
40	295	303
14	295	303
33	296	311
31	296	304
5	297	308
1	296	309
38	297	333
7	299	314
37	303	311
16	298	311
30	302	327
9	299	307
22	308	317
12	302	327
23	310	321
18	303	311
10	303	311
20	303	344
34	309	320
26	305	326
41	304	356
2	304	343
28	305	313
29	307	328
4	307	324
35	309	320
19	307	315
8	310	363
39	321	335
31	311	346
17	310	318
1	312	320
21	312	350
11	313	336
36	313	321
15	313	329
33	314	366
40	315	323
0	315	357
13	316	378
5	316	357
6	315	347
27	315	323
14	315	324
27	339	352
18	317	347
16	323	332
9	317	334
1	330	348
28	319	340
37	319	348
7	320	328
10	321	337
34	323	331
14	327	335
35	324	334
17	326	341
22	325	333
19	326	377
27	359	375
4	327	335
36	327	335
25	327	349
38	340	351
32	331	356
14	340	349
30	333	344
7	335	353
36	338	352
26	335	343
9	341	355
17	366	375
4	338	355
23	338	346
10	340	348
35	345	365
11	345	353
41	360	371
16	342	360
25	354	366
39	342	350
23	359	376
12	345	353
29	347	355
22	347	355
24	354	370
31	351	359
7	357	371
26	352	360
20	354	362
15	354	371
11	362	370
38	391	399
22	359	367
10	361	375
5	361	369
1	365	373
34	363	371
0	364	372
3	364	378
37	364	372
8	367	375
25	370	383
33	375	389
32	376	384
20	376	384
7	376	384
8	378	386
21	379	387
16	383	391
34	382	390
6	383	391
27	386	394
6	410	420
24	388	396
15	388	396
13	389	397
14	390	398
26	392	410
19	393	401
28	393	401
36	393	401
22	393	401
35	395	403
11	396	404
34	397	405
32	398	413
40	401	419
9	405	413
12	405	413
28	405	413
38	407	415
19	406	421
18	408	416
11	408	421
27	408	416
15	410	418
35	412	420
14	413	421
29	416	424
13	417	438
22	419	427
32	419	427
18	419	430
19	424	441
15	428	436
31	429	437
34	430	438
23	432	440
10	433	441
25	433	446
34	461	475
3	434	442
37	436	448
21	437	445
27	438	446
31	440	448
9	443	451
32	446	454
41	448	456
39	448	456
2	449	457
11	449	457
35	449	457
17	451	459
36	451	468
6	454	462
18	456	464
28	457	465
9	459	473
0	459	492
29	460	468
39	460	468
33	463	471
35	463	471
12	465	480
1	465	473
10	466	474
37	470	478
28	469	477
23	470	478
40	473	481
25	474	485
21	477	493
33	480	489
4	481	489
22	480	488
30	482	490
24	482	490
34	510	518
17	484	492
26	483	491
36	484	492
1	491	499
29	487	495
28	490	498
10	494	502
21	496	504
3	495	503
20	497	515
23	499	509
18	581	594
19	503	511
6	504	516
6	536	544
12	505	522
14	506	514
5	507	515
0	508	516
18	513	522
37	517	525
10	514	522
40	523	537
1	516	524
22	518	526
4	517	525
34	521	529
26	520	528
2	523	540
28	522	535
39	525	533
24	525	533
23	526	542
32	526	534
30	528	536
29	528	536
20	529	537
37	530	538
19	530	546
11	531	541
34	533	544
15	533	541
36	535	548
16	535	548
12	534	542
26	537	545
1	537	553
17	537	545
22	539	547
3	542	550
4	545	554
38	544	575
5	544	554
33	545	553
27	546	554
8	547	555
21	547	555
13	546	554
11	547	562
20	549	557
35	549	557
39	550	562
37	549	557
14	549	557
40	550	558
24	551	559
0	552	560
31	553	561
40	569	586
3	560	568
33	557	565
5	558	570
1	558	570
23	560	568
8	560	568
29	574	588
17	569	579
41	561	575
37	571	584
21	564	586
15	564	572
22	564	572
18	564	572
31	566	574
35	567	575
9	567	576
33	569	579
36	569	577
7	570	578
39	570	578
0	570	578
10	570	578
14	571	579
12	572	588
24	571	579
13	578	586
20	574	588
16	576	584
11	576	585
2	578	596
19	577	585
33	583	594
23	584	602
31	584	592
24	584	593
30	585	593
22	586	594
17	588	609
16	590	598
7	591	599
19	592	607
41	592	601
36	598	606
35	591	612
15	595	604
28	594	602
29	595	607
31	597	605
15	607	615
32	601	609
7	603	611
13	601	613
21	602	610
3	603	611
27	603	613
23	608	617
1	603	615
22	603	611
34	605	615
0	605	613
9	609	617
28	607	615
2	608	616
39	608	616
12	608	616
24	609	617