2	23	36
38	50	57
10	26	35
5	27	33
13	26	32
1	42	55
6	39	53
6	27	33
29	28	45
21	28	56
22	29	35
19	31	50
3	33	39
20	34	40
31	34	47
41	34	56
32	40	48
15	35	41
4	35	44
26	35	41
0	35	45
27	36	44
35	37	43
18	36	42
16	38	44
28	38	44
23	40	46
33	42	54
8	42	52
22	43	56
39	42	48
9	43	49
2	43	53
12	44	66
30	46	52
40	45	51
5	47	81
14	46	54
20	46	57
26	51	57
4	49	74
10	49	55
17	50	65
7	51	57
12	74	89
13	51	62
35	52	58
18	56	64
9	55	63
15	55	61
24	55	61
36	56	91
3	57	97
11	67	86
21	61	105
6	60	66
7	62	72
41	63	76
38	63	69
29	62	73
1	64	76
34	66	75
8	66	72
40	65	72
19	66	81
15	68	88
35	68	80
39	69	80
23	71	84
18	72	78
25	72	81
24	72	78
2	71	94
22	72	78
13	73	79
16	75	81
14	76	87
26	79	85
37	79	85
31	79	107
38	80	86
4	79	99
34	81	87
10	82	88
24	83	101
33	83	91
9	82	104
0	84	90
39	86	92
25	104	120
41	86	92
32	87	103
29	87	98
16	92	104
5	89	95
25	89	95
38	103	110
37	92	120
34	94	100
26	96	125
33	96	102
18	94	109
27	99	105
40	99	105
23	98	104
28	106	112
11	101	107
1	101	107
36	101	107
5	101	107
2	102	108
15	104	117
19	103	115
14	105	116
4	107	119
9	113	119
3	110	116
39	110	116
41	110	122
11	126	135
1	112	118
22	114	120
17	116	122
33	117	123
34	116	122
18	117	123
0	118	124
6	118	125
36	119	128
8	122	128
7	122	128
1	124	130
9	125	131
29	124	139
35	125	146
10	125	141
23	127	133
34	127	153
17	128	134
12	130	142
19	137	143
2	131	138
24	131	137
20	133	139
27	133	146
8	135	141
40	137	146
13	165	187
24	148	174
21	140	146
30	143	151
31	147	153
2	143	149
37	143	162
14	150	161
38	162	178
7	195	207
15	150	156
26	150	156
11	165	175
40	153	159
35	156	162
8	157	163
21	157	163
28	179	187
29	158	164
25	157	163
25	191	207
0	158	167
27	159	165
14	178	185
3	160	177
20	164	176
1	164	171
9	163	169
16	172	185
8	169	175
22	167	173
5	247	281
40	168	174
0	174	183
5	170	176
10	176	190
23	175	181
2	180	209
41	176	182
22	193	212
6	178	191
22	182	188
36	184	190
24	187	202
9	189	195
5	192	206
31	191	197
15	191	197
4	193	199
1	193	201
17	194	204
3	195	201
36	196	202
32	198	212
31	232	268
27	201	210
33	202	216
11	203	209
39	203	209
18	205	211
24	315	336
31	213	219
38	206	212
40	210	236
4	211	217
34	212	222
7	244	250
5	214	220
30	214	220
19	265	272
39	215	238
29	215	231
2	218	224
27	216	222
7	218	224
26	218	224
16	218	224
9	220	226
32	222	228
20	223	229
8	291	363
30	227	233
15	229	235
17	271	279
37	230	236
10	241	262
27	231	237
26	231	246
4	232	238
1	239	245
16	233	239
38	233	239
30	292	359
11	234	240
3	234	244
30	238	246
14	235	241
6	236	242
40	242	251
41	240	261
9	243	249
33	242	248
0	244	251
21	244	250
23	247	284
32	244	250
2	244	255
28	249	262
9	254	264
17	249	255
22	249	255
27	263	296
20	250	256
11	250	256
13	250	256
39	250	266
12	260	277
38	253	264
26	254	278
22	262	290
5	310	356
6	255	261
24	258	280
8	257	265
15	257	263
21	258	264
36	259	265
4	262	274
37	262	278
30	263	269
6	268	275
14	265	271
34	264	270
41	268	274
10	269	275
0	268	277
13	269	279
2	269	284
9	271	285
15	271	293
16	271	278
7	272	278
33	273	279
29	273	279
39	273	298
21	273	380
34	278	294
28	276	285
31	278	284
38	278	286
40	286	306
19	281	287
10	280	286
17	285	294
11	282	298
14	282	289
24	286	292
36	284	391
12	287	293
37	285	342
31	298	376
25	288	297
29	287	293
6	295	350
26	291	356
35	292	371
41	292	301
10	292	369
23	292	299
0	293	350
20	292	298
2	293	299
16	293	375
1	295	301
22	295	322
13	295	350
7	298	349
15	299	362
24	297	303
14	296	307
5	297	304
38	297	309
33	299	305
29	298	330
3	300	353
18	300	325
19	301	388
11	303	350
32	304	372
28	305	311
27	305	311
20	305	371
4	310	366
23	305	360
9	307	357
17	307	358
41	308	361
25	309	316
2	313	364
2	371	386
40	311	329
14	313	346
34	314	359
1	314	359
39	315	359
38	315	365
37	347	375
28	316	347
33	317	339
27	317	342
29	336	350
40	335	350
25	322	365
12	322	356
6	356	363
22	327	368
18	331	354
33	344	351
27	347	353
14	351	382
28	353	375
24	355	366
30	365	385
29	358	369
13	360	375
9	382	400
40	362	377
27	362	381
5	364	370
23	366	372
8	373	382
9	367	373
1	367	386
39	366	377
12	368	399
18	368	374
3	369	380
40	485	492
29	374	386
15	376	388
33	376	382
22	377	383
35	377	383
26	378	394
0	378	384
20	379	385
28	385	391
37	387	416
33	392	398
40	389	395
11	389	395
1	392	437
3	392	408
34	392	398
25	393	402
22	418	431
8	393	404
17	394	408
38	394	400
0	395	401
32	395	415
39	394	400
22	396	402
28	407	421
20	398	412
6	399	405
13	401	411
16	402	418
35	404	410
14	403	409
27	403	412
33	405	421
19	407	414
2	405	412
29	405	418
24	406	412
39	407	418
7	532	564
25	409	415
41	470	480
41	415	424
38	415	436
11	436	442
4	419	425
21	469	482
15	420	426
35	420	428
27	429	444
26	422	428
6	422	448
2	422	428
39	424	430
24	437	452
31	433	442
28	426	432
12	426	435
10	426	432
9	427	433
30	428	434
17	427	433
33	428	450
36	430	436
32	430	440
19	436	444
12	441	458
13	433	439
23	432	438
41	437	455
35	435	451
18	434	449
10	438	447
7	435	441
21	440	461
17	440	446
8	440	446
38	442	448
5	443	449
9	447	453
14	448	454
26	449	455
37	449	455
1	449	455
0	450	464
35	481	487
16	451	457
25	453	481
23	456	462
6	456	474
11	460	466
9	461	467
37	464	479
19	464	471
18	464	483
34	463	469
3	465	471
39	468	474
16	467	473
35	470	476
14	470	476
9	476	482
27	474	480
26	475	481
20	475	490
15	476	482
2	475	488
7	474	480
40	474	480
1	476	483
29	477	483
3	478	484
12	513	523
41	508	529
33	480	486
34	483	489
17	484	490
14	483	489
12	483	496
22	486	492
6	488	494
23	489	496
26	488	494
5	490	496
30	490	496
32	491	497
37	492	498
28	492	499
38	493	499
35	494	508
10	496	512
15	502	511
4	498	504
1	499	505
2	499	515
19	500	506
6	500	506
33	500	510
8	554	566
18	501	507
13	506	512
12	501	507
5	503	509
26	503	509
14	504	534
28	505	511
32	506	533
31	506	512
21	506	546
37	507	520
3	507	569
7	509	515
40	509	519
20	511	517
22	513	549
27	514	528
35	513	530
1	514	526
5	520	538
0	517	523
13	517	581
29	518	524
36	526	538
19	518	524
9	519	550
8	519	535
39	520	526
38	521	527
2	520	526
25	521	543
34	523	529
16	521	532
14	553	583
30	522	534
18	522	528
6	525	532
4	525	531
11	527	534
28	528	540
20	532	538
37	533	539
19	532	552
24	532	538
0	533	539
18	534	543
2	535	543
35	537	543
32	538	544
10	564	591
1	540	546
30	548	554
34	575	588
15	541	555
12	541	596
11	540	546
39	541	547
6	543	549
20	558	571
20	544	550
41	544	553
38	548	561
34	544	550
24	545	551
23	546	552
40	545	551
36	547	553
29	548	554
32	549	560
0	551	567
18	552	566
9	579	585
21	554	571
4	555	561
40	568	574
6	556	567
26	555	579
34	557	563
5	563	576
16	556	573
35	557	584
24	558	564
23	557	567
1	558	564
25	561	567
22	563	572
27	560	571
39	560	566
28	561	567
17	562	568
2	561	571
41	562	569
11	564	570
15	565	571
9	567	573
38	569	580
19	569	576
1	569	581
29	578	584
24	572	578
4	570	587
32	573	584
8	574	586
33	575	588
18	578	589
7	577	600
11	579	597
21	580	592
39	580	607
2	581	587
35	593	603
31	586	594
40	585	591
25	585	591
36	591	610
20	586	592
38	586	595
15	594	614
16	587	600
19	587	602
26	587	593
27	588	599
22	588	594
28	591	611
5	593	605
30	594	601
14	593	609
23	595	604
34	595	601
2	594	600
29	595	601
10	596	611
9	598	604
32	597	603
3	597	610
25	598	604
18	598	610
13	604	612
31	601	613
1	602	615
33	605	615
37	604	610
11	609	615
17	604	612
12	606	612
41	606	613
21	605	611
7	606	612
30	606	612
6	606	613
34	608	614
20	609	615
26	608	614
35	609	615
27	608	614
8	609	615