38	57	81
34	36	68
19	38	51
31	46	54
32	23	31
22	24	44
39	45	58
11	40	52
27	31	40
21	29	38
3	29	37
26	29	78
30	30	38
40	31	43
2	30	38
25	31	39
4	31	39
13	32	62
29	33	41
1	33	49
15	34	42
17	34	47
20	34	44
37	34	50
0	36	44
7	35	43
36	35	60
12	35	58
5	36	45
35	37	59
41	41	58
0	56	82
14	40	48
23	43	51
3	42	50
33	43	57
32	45	63
16	45	56
2	46	54
40	46	69
4	47	61
7	47	65
18	48	56
9	49	60
21	51	68
29	52	60
10	52	60
3	53	61
24	55	64
17	56	74
28	57	65
14	58	69
11	60	71
20	60	80
8	60	83
5	61	70
19	62	70
6	62	87
33	63	105
12	63	90
18	66	79
25	65	73
36	65	79
37	66	74
27	66	88
30	66	84
13	68	87
4	67	85
10	69	78
32	74	93
2	72	99
16	72	86
21	73	81
29	73	89
39	72	80
34	74	107
31	73	89
35	73	96
40	75	83
11	75	83
23	74	89
3	77	91
19	77	91
1	76	84
25	78	93
41	80	88
28	83	98
20	84	92
39	84	93
38	84	94
10	85	99
21	85	93
30	87	103
22	90	104
14	90	105
16	89	115
17	91	99
11	92	100
9	91	99
27	94	107
26	95	103
12	94	102
5	94	108
6	96	113
41	98	106
0	96	112
25	97	106
38	103	111
36	103	111
3	105	113
9	103	111
39	106	114
33	111	133
20	107	115
23	108	116
2	108	120
7	108	120
32	116	126
31	109	127
25	112	121
17	119	132
14	113	121
18	117	135
4	115	124
13	116	127
40	116	137
26	120	146
6	118	126
22	119	127
1	119	127
12	123	147
24	123	136
19	122	130
27	123	131
11	125	133
4	129	137
28	131	152
41	131	139
17	135	143
32	139	153
6	147	159
10	138	146
18	140	148
19	139	147
36	142	150
41	142	150
22	142	150
35	144	152
39	144	152
13	146	169
17	147	155
1	147	155
2	162	173
23	148	156
2	149	158
38	151	168
26	151	165
14	152	174
4	154	163
16	156	164
12	157	165
5	156	164
0	166	189
27	158	166
34	160	168
10	165	173
7	167	175
28	169	177
29	169	177
39	169	177
11	170	191
27	172	180
34	173	181
41	175	196
31	178	186
32	183	191
9	180	188
14	181	189
1	182	190
27	187	195
23	189	197
36	203	213
33	190	198
37	190	204
7	198	206
18	195	207
12	198	206
3	196	204
9	196	204
20	197	205
8	210	250
5	212	228
27	207	237
0	200	208
4	201	218
30	203	211
38	204	221
39	206	214
28	206	214
1	209	217
37	214	224
0	213	221
29	215	223
20	216	224
31	221	230
16	217	225
17	219	229
35	218	226
24	221	231
14	221	229
13	223	231
32	222	236
9	222	230
12	223	231
7	226	239
3	231	242
21	227	235
36	231	239
24	245	267
34	230	238
23	230	238
19	230	246
26	233	245
28	234	242
16	234	242
17	233	241
22	234	242
41	235	244
5	236	244
33	244	252
10	237	255
13	240	248
29	240	254
38	290	314
39	242	250
18	241	249
31	242	258
12	243	260
4	244	252
34	249	257
36	245	260
27	250	258
0	245	253
2	247	255
41	247	264
19	249	257
20	248	266
11	250	258
23	250	258
28	258	267
32	252	260
35	253	270
19	263	271
37	256	264
3	255	263
21	255	263
22	255	346
29	257	270
15	261	280
27	261	278
10	262	270
34	262	273
40	263	285
30	264	284
1	262	270
17	262	309
9	263	271
11	265	278
4	267	275
13	268	276
0	268	276
7	268	285
5	268	348
38	270	278
18	270	304
25	272	282
14	272	288
41	271	351
6	273	287
24	275	290
16	274	282
35	274	287
20	274	282
16	310	340
21	273	295
19	278	290
7	291	308
32	281	290
33	278	286
39	278	292
29	280	298
0	280	297
4	313	331
12	280	288
34	280	288
37	301	343
2	282	295
4	285	309
3	310	371
25	285	294
23	285	293
13	284	292
1	285	368
31	286	321
8	284	300
36	284	292
10	286	294
27	293	306
16	288	306
3	288	305
40	289	347
20	289	358
15	290	299
12	292	330
39	296	353
9	292	300
6	293	349
28	304	317
13	299	349
32	295	309
14	294	302
18	312	361
11	307	368
15	312	353
36	297	305
33	297	390
26	299	374
34	298	316
0	300	312
25	305	352
8	303	311
30	436	444
2	304	351
9	305	369
30	305	381
27	313	353
19	305	364
14	307	337
35	307	356
29	307	355
21	309	347
0	315	373
10	312	345
24	312	336
7	314	346
32	314	367
36	314	335
38	318	356
23	317	342
8	316	380
31	326	362
28	322	359
17	320	352
34	322	362
27	356	391
4	334	345
14	340	357
24	346	374
23	345	372
36	345	373
16	346	375
37	350	358
22	350	358
10	351	384
4	351	363
12	352	370
5	351	366
7	353	361
21	354	362
39	356	371
29	358	373
33	414	446
6	360	382
25	360	368
40	360	368
15	362	377
14	363	371
22	363	371
31	368	381
37	367	378
17	366	374
2	368	376
20	368	376
5	371	395
18	370	378
35	371	379
19	371	383
25	372	380
1	372	380
41	384	392
9	375	396
14	376	387
4	376	385
34	376	384
30	414	431
0	380	388
36	380	388
19	423	434
3	381	389
23	383	391
16	384	392
1	383	397
21	384	392
19	386	394
34	387	395
32	387	413
26	389	397
20	390	399
29	390	398
28	389	397
35	421	429
6	449	457
36	392	408
14	394	402
10	394	403
15	395	403
18	396	404
4	398	414
40	398	406
27	397	405
0	399	419
22	406	414
21	402	410
33	403	411
25	405	413
9	454	479
26	406	414
24	407	421
14	409	420
3	409	417
34	409	417
40	411	419
27	411	419
41	446	455
7	411	419
28	419	427
5	415	436
8	415	423
31	417	425
41	417	425
29	420	428
6	424	436
0	424	432
8	426	434
4	426	434
22	434	442
10	425	435
15	427	439
23	427	436
17	427	435
14	429	444
34	429	437
9	430	438
28	430	448
25	436	462
16	437	445
13	432	443
41	433	441
20	436	444
1	435	453
39	435	443
36	435	443
3	437	445
37	437	455
4	437	445
9	443	451
18	440	448
24	440	448
21	444	461
8	444	462
0	443	451
40	445	453
17	446	463
26	446	454
19	530	550
27	449	457
14	448	456
24	452	460
23	453	461
39	455	463
36	454	462
38	458	466
33	457	475
10	462	497
2	462	470
4	461	469
34	461	469
29	461	469
0	461	469
16	463	471
37	472	491
1	466	474
13	467	475
3	468	476
28	470	480
18	470	478
27	470	478
34	472	480
12	473	486
35	473	481
40	478	491
25	476	484
0	475	494
39	476	484
7	475	483
11	477	485
38	477	485
13	478	486
26	478	486
6	477	486
2	481	489
29	483	500
31	484	492
34	485	493
35	486	494
20	486	494
14	492	517
17	488	512
11	489	504
8	491	499
9	491	499
24	491	515
28	493	501
41	495	532
3	492	510
5	494	502
36	494	502
12	496	522
6	496	504
7	499	508
16	498	506
31	500	515
19	501	509
8	506	521
33	501	509
1	501	532
25	503	511
15	503	511
16	514	525
39	507	522
32	508	536
2	513	522
20	560	568
20	512	529
10	512	527
26	513	533
37	514	551
33	515	526
0	515	532
34	514	522
30	515	530
27	515	534
19	516	524
28	518	526
36	518	535
11	518	532
7	519	527
18	518	548
6	518	539
29	523	543
13	522	550
14	529	539
21	525	551
5	535	549
23	525	533
8	529	544
31	527	585
12	527	541
2	528	539
34	566	574
4	530	550
3	534	548
17	530	538
7	532	569
21	571	585
35	533	555
28	533	541
10	533	565
25	535	561
15	534	542
39	534	542
11	535	549
16	535	554
23	539	550
27	538	548
33	539	549
20	539	547
24	538	546
36	541	562
0	543	551
26	542	550
11	599	607
17	544	552
14	546	554
32	545	553
9	547	556
12	555	595
6	548	556
22	548	556
34	549	557
40	552	560
3	552	560
41	553	567
29	553	571
8	553	578
2	552	560
39	552	577
13	553	577
38	553	561
19	555	563
18	556	564
37	556	569
27	556	610
0	558	569
28	558	566
14	559	567
15	558	566
17	559	574
11	563	571
35	560	578
34	591	615
3	563	583
2	563	579
23	562	581
5	562	574
26	564	572
22	563	583
1	564	574
33	566	584
4	605	614
36	574	585
30	566	584
18	568	580
32	569	616
28	571	617
24	569	579
38	569	582
4	574	588
14	571	579
37	572	580
15	572	580
13	598	613
25	574	589
40	577	585
16	579	587
20	579	594
17	579	595
37	583	597
15	585	594
23	586	601
5	598	617
33	587	595
5	587	595
0	587	614
35	587	599
1	588	596
40	590	599
24	589	599
19	590	605
36	593	605
30	597	606
2	593	616
39	591	607
9	590	598
38	594	615
21	593	611
7	594	602
14	595	605
18	595	603
8	596	604
3	598	608
31	609	617
10	603	615
41	598	606
15	599	616
16	605	614
6	601	613
12	603	616
40	602	610
29	605	613
17	605	613
9	604	614
35	606	614
25	605	615
24	606	614
37	607	615
7	608	616
33	609	617
30	609	617