36	29	43
11	21	39
37	38	61
40	24	38
35	26	40
38	29	43
25	29	43
34	31	45
41	64	78
31	32	46
16	33	47
3	34	52
21	35	49
3	56	77
28	36	50
25	52	81
12	37	51
23	38	53
0	38	67
30	38	56
7	39	53
38	42	65
19	41	55
26	52	66
11	43	60
15	44	58
6	45	59
29	49	63
1	51	65
12	52	66
16	52	68
4	52	69
27	55	81
20	55	69
9	55	79
23	56	70
33	56	70
19	57	73
28	57	71
39	63	77
10	63	79
2	60	74
21	63	77
17	64	79
40	66	86
33	70	89
4	68	82
1	68	82
31	67	81
13	69	91
38	68	92
36	70	86
37	73	87
34	87	101
29	73	87
16	72	86
11	74	88
8	75	89
3	75	89
23	75	89
17	77	91
25	78	92
35	79	109
18	79	102
41	79	93
4	83	97
9	85	99
32	86	100
39	89	103
11	89	103
22	89	103
1	91	105
38	91	105
27	93	107
20	93	117
14	94	112
32	102	116
23	101	115
21	98	145
3	99	113
2	104	118
22	104	121
38	105	119
15	106	120
24	108	122
12	108	122
7	111	125
8	110	124
26	112	126
12	121	135
1	116	130
8	128	149
31	116	130
37	117	131
0	119	133
24	122	136
27	122	136
15	125	139
20	126	140
14	126	140
41	128	142
11	130	144
10	131	145
34	129	143
2	134	148
7	136	150
37	136	150
34	140	154
20	139	153
2	145	159
28	146	160
25	154	179
8	148	162
4	151	175
26	153	167
24	157	171
39	159	173
13	159	173
1	160	174
33	167	184
11	168	182
10	164	178
28	167	181
37	173	187
29	174	189
32	178	192
8	182	196
9	187	201
3	188	202
31	188	210
1	194	208
7	193	207
26	195	216
12	202	216
17	198	212
11	199	213
28	206	221
15	200	214
29	201	216
33	202	216
3	207	221
8	204	218
16	206	230
37	207	221
2	208	222
39	208	222
10	210	224
40	210	224
36	212	226
41	213	227
20	214	228
31	215	232
26	215	229
29	216	230
38	215	239
12	258	275
13	220	234
14	222	236
33	223	237
20	228	242
30	224	238
0	224	238
2	226	248
25	228	242
40	230	248
3	231	245
26	238	252
19	233	254
32	233	247
38	236	274
7	256	279
35	236	261
39	236	250
41	238	269
22	239	261
36	239	253
25	239	253
1	241	255
0	243	257
7	243	257
17	248	262
21	247	261
37	249	263
33	249	263
3	281	303
11	251	268
29	254	276
2	258	280
19	253	267
26	253	271
27	255	269
4	258	276
1	256	270
15	257	271
23	257	271
3	258	272
16	258	272
22	260	274
0	315	337
32	261	281
18	265	279
13	265	279
22	271	289
19	267	288
6	267	281
24	266	286
11	267	281
4	278	299
5	274	288
15	271	285
20	272	286
41	273	306
21	274	292
35	276	292
30	276	314
6	291	311
28	274	288
6	331	347
38	276	290
12	279	293
9	278	292
20	288	307
13	281	305
37	287	301
6	280	294
32	282	296
26	284	298
10	285	299
34	284	306
5	292	312
7	287	311
14	287	301
0	290	307
9	297	349
36	290	319
35	291	305
1	291	361
39	291	315
18	292	351
29	292	314
31	292	309
12	296	310
8	327	353
17	295	309
26	296	324
4	299	353
23	300	314
27	301	330
41	303	361
24	301	325
33	314	351
3	304	318
19	306	359
40	307	341
31	308	322
20	316	340
22	310	334
11	308	324
17	309	323
29	312	345
13	310	332
15	311	325
10	335	373
23	312	326
16	314	339
35	311	325
10	313	338
34	316	334
25	321	354
5	314	373
7	316	343
6	313	330
8	313	327
39	315	329
15	350	370
15	322	337
32	316	362
22	332	349
28	318	333
40	342	356
14	319	340
30	346	384
21	320	337
36	320	334
38	320	348
37	320	364
31	321	384
23	323	359
12	323	337
11	325	339
17	329	359
24	327	341
27	329	360
39	329	354
30	330	344
22	364	378
3	332	354
2	333	359
34	333	347
12	336	364
21	335	349
11	337	351
0	338	376
28	338	374
24	338	366
29	342	370
26	339	353
16	343	365
20	342	366
7	343	368
38	346	371
13	346	382
21	347	369
14	347	361
36	347	369
34	351	369
26	351	384
18	350	364
39	361	386
25	355	369
35	355	369
3	356	370
11	358	372
17	359	389
14	361	375
1	361	375
16	363	377
6	363	378
37	373	387
20	368	387
38	370	384
12	371	389
27	372	389
2	372	396
7	374	388
1	374	388
25	388	405
41	380	394
10	376	390
36	378	392
18	379	393
29	379	401
38	384	398
15	386	400
34	389	413
27	388	410
16	389	403
35	390	404
1	390	404
28	391	405
0	391	405
17	393	407
15	398	412
23	398	412
5	400	418
41	400	414
0	404	419
24	401	415
38	404	419
13	411	425
17	404	418
18	409	423
34	410	424
41	416	433
27	415	440
14	415	429
39	417	431
21	418	432
6	419	433
11	423	437
20	424	438
19	426	443
33	427	446
1	428	442
28	427	441
12	431	450
36	431	445
16	431	451
14	431	458
15	431	445
8	433	447
26	432	446
30	433	447
21	435	449
9	436	450
40	471	485
39	437	451
19	441	455
40	442	456
7	442	456
6	446	460
11	446	460
24	448	462
28	449	463
25	449	463
35	450	464
41	454	472
15	452	466
10	452	466
14	486	503
5	457	471
20	455	475
6	458	472
40	458	473
37	461	475
11	460	474
14	463	479
30	462	476
12	468	494
36	465	479
38	467	481
33	468	482
18	482	496
17	469	483
6	471	485
35	471	486
11	473	499
26	474	488
23	476	490
33	548	562
0	477	491
41	477	491
16	478	492
22	480	494
8	481	495
31	481	495
30	525	543
28	482	500
24	486	500
1	485	499
38	487	501
13	549	567
26	489	512
41	489	504
0	490	504
15	492	506
22	493	518
32	540	560
21	494	510
20	494	508
4	494	508
29	495	509
2	498	518
30	499	513
36	499	513
24	500	514
22	519	536
23	503	537
31	504	518
1	505	529
0	506	520
33	508	522
16	509	523
35	510	524
17	510	524
39	511	525
41	513	534
12	513	534
24	514	528
9	515	547
7	516	530
0	520	541
36	520	534
16	520	534
40	521	535
2	522	536
27	527	541
13	527	541
37	528	542
38	528	542
3	529	543
1	528	542
33	531	545
11	533	555
5	532	546
24	534	548
8	536	554
2	536	550
12	535	552
22	541	562
36	537	551
16	537	551
6	536	550
17	538	552
31	540	554
7	540	562
40	542	556
15	543	557
28	544	558
23	545	559
27	548	562
14	547	561
19	549	564
18	548	562
24	551	565
30	553	570
4	551	565
34	552	571
15	554	568
32	559	577
6	556	571
20	556	570
5	559	573
23	559	573
22	559	573
9	559	576
26	560	574
31	562	576
35	561	582
2	562	576
37	563	587
8	566	580
36	565	579
19	565	582
7	567	581
28	568	582
41	567	581
24	567	584
17	573	598
27	568	591
40	571	591
1	581	596
26	573	587
9	574	588
16	575	593
33	575	590
39	577	591
2	581	596
22	579	595
38	578	592
7	579	593
13	578	592
8	582	596
29	584	598
23	586	600
14	585	619
21	587	603
20	588	602
32	589	610
15	590	604
7	590	604
4	590	604
31	592	611
39	605	621
36	594	608
35	595	611
33	592	621
39	594	608
18	597	613
41	599	622
5	600	614
34	602	616
15	601	615
19	602	616
22	603	617
27	603	620
28	604	621
4	604	618
23	605	619
24	607	621
25	609	623
3	609	623