36	39	59
14	33	78
2	21	29
10	26	34
24	22	30
18	23	31
6	29	55
16	27	46
30	30	54
22	29	37
29	33	53
17	29	47
13	30	38
32	32	53
21	30	38
7	32	40
9	34	47
23	33	56
28	34	42
19	34	45
25	35	57
8	97	106
31	37	45
35	37	45
33	37	45
2	38	98
1	40	52
4	39	61
18	41	53
15	40	48
34	49	76
20	48	56
8	43	52
13	41	49
3	42	58
26	43	51
12	43	71
11	43	66
13	52	60
0	47	62
7	50	58
39	51	59
19	52	89
17	70	82
15	52	61
35	52	64
41	53	61
38	54	62
31	53	67
5	54	62
10	54	62
33	56	68
28	56	69
32	56	83
22	57	83
18	59	89
24	76	87
16	61	77
7	61	81
26	61	69
3	63	71
25	69	85
21	66	74
10	65	82
29	66	85
27	65	73
30	65	98
9	66	89
20	67	75
15	67	75
8	67	75
5	68	76
8	136	144
3	74	95
1	72	89
31	73	81
37	78	90
39	75	94
33	77	85
27	77	85
20	81	89
13	81	89
23	81	90
40	82	111
16	81	89
17	88	96
36	83	91
21	84	92
38	84	92
31	86	95
22	86	103
12	86	94
15	89	97
26	89	97
32	95	103
27	90	112
13	93	108
19	95	104
16	95	103
37	95	103
35	95	114
14	97	115
20	97	108
5	100	113
11	98	106
31	100	108
33	100	118
29	101	109
28	104	112
38	107	121
41	106	114
24	107	126
39	110	134
21	110	118
8	114	122
34	114	129
32	113	121
13	114	122
16	115	123
2	117	132
23	119	128
3	119	136
19	122	130
40	122	130
10	125	135
31	124	134
33	124	132
30	125	133
27	127	138
22	129	137
15	130	138
1	131	139
12	132	140
17	132	140
23	135	151
11	134	142
19	136	144
18	138	146
24	138	146
39	139	152
7	140	148
34	141	149
14	159	174
40	142	150
22	142	150
28	143	151
13	142	160
16	145	153
12	147	155
2	145	167
17	146	155
9	148	158
21	147	155
31	148	156
38	150	158
1	151	159
24	152	169
25	154	166
11	155	163
27	155	163
34	171	187
34	156	168
22	162	170
0	164	172
28	182	192
37	164	172
4	167	175
13	168	176
39	170	178
27	169	177
10	176	185
19	174	182
9	174	182
22	173	181
29	173	181
24	176	184
23	177	185
30	176	184
16	178	187
21	183	191
11	179	187
5	182	190
23	199	207
18	181	189
6	182	190
37	183	195
7	184	192
13	185	193
29	188	196
14	186	194
24	187	195
38	189	197
19	190	198
10	191	199
20	193	201
17	194	202
6	195	203
11	197	212
3	194	212
8	198	206
37	198	206
15	197	205
38	200	208
29	200	208
12	202	210
40	283	355
10	203	211
18	203	211
20	204	214
24	203	211
41	206	214
30	209	217
32	210	218
8	210	218
33	214	231
13	216	224
5	217	230
7	217	225
1	218	226
12	217	245
23	218	228
39	220	228
34	220	228
6	220	228
28	220	232
8	224	232
16	223	231
17	232	240
14	225	233
38	227	235
22	227	248
31	227	235
20	228	236
19	228	243
29	229	238
36	230	238
7	230	238
32	230	238
3	230	238
10	234	258
26	235	243
11	234	242
18	235	243
2	241	249
39	241	254
6	238	249
30	239	357
8	239	258
27	239	285
9	239	247
0	240	252
3	243	251
4	242	250
37	244	252
23	244	263
13	245	262
14	244	269
15	244	252
7	253	261
17	247	272
40	249	257
9	251	260
11	251	283
12	260	291
28	254	262
16	254	269
35	256	271
1	254	262
25	254	262
32	253	261
4	253	261
34	256	270
2	262	276
26	258	266
15	257	269
6	259	267
41	259	276
38	260	298
0	259	267
31	261	274
22	262	276
33	261	281
5	266	288
26	270	283
1	266	274
40	266	278
25	272	292
23	269	282
18	288	325
28	269	277
39	269	338
36	272	352
17	279	311
29	272	282
32	272	287
6	295	376
10	274	282
22	279	291
14	275	295
8	275	283
24	277	285
16	276	284
1	308	347
31	278	322
0	280	288
1	285	296
9	282	306
35	283	334
13	283	295
15	282	290
2	284	292
37	283	375
19	283	291
0	296	336
23	285	293
11	286	294
21	288	303
29	286	351
3	290	304
34	289	300
28	300	308
8	287	390
2	297	315
28	288	296
23	323	354
10	289	356
26	290	360
27	291	299
5	293	353
24	293	369
16	292	311
11	299	367
7	295	303
21	317	371
41	298	338
32	295	303
15	297	316
22	297	323
21	306	314
33	298	389
19	300	308
20	302	356
12	302	370
14	301	331
13	303	351
25	306	343
23	304	318
38	305	363
32	306	329
34	308	318
7	311	373
9	311	391
4	311	319
27	313	373
28	315	367
16	315	361
19	315	337
3	315	370
17	317	352
15	321	359
2	319	356
34	322	349
22	326	349
4	328	344
31	327	372
18	329	351
35	355	391
35	337	349
32	339	357
39	345	369
14	341	363
0	342	358
19	343	351
41	343	366
4	349	381
1	352	375
25	352	386
13	355	363
22	354	366
34	356	364
17	358	370
36	358	375
23	360	368
10	360	368
40	362	370
18	362	370
2	363	371
0	365	373
29	364	372
19	367	383
34	367	377
16	366	374
13	372	390
5	369	377
1	412	422
9	404	445
12	373	382
20	370	378
28	371	379
26	376	385
41	373	384
30	373	381
10	375	383
40	375	383
18	376	389
32	375	383
7	376	394
38	378	386
37	378	386
17	377	385
11	378	386
27	378	408
0	385	407
29	380	388
41	401	421
34	386	394
6	387	398
15	386	394
5	387	396
17	391	409
24	388	442
4	388	396
40	390	398
10	391	406
30	392	405
28	391	407
26	393	401
21	394	402
26	408	421
38	394	402
2	395	403
12	397	405
13	437	446
14	399	413
4	403	411
40	402	410
23	403	411
33	406	414
34	479	497
6	406	414
5	406	414
18	407	424
36	416	424
17	421	444
4	414	422
21	409	417
35	412	420
34	413	421
27	412	422
29	414	426
22	415	423
19	415	424
40	414	422
28	416	424
3	418	426
11	417	433
8	417	425
19	452	466
12	419	437
5	421	436
35	423	444
21	423	431
2	423	431
16	424	445
39	425	452
7	426	434
33	426	434
21	439	450
23	429	437
6	430	446
15	430	438
20	430	438
8	432	440
40	433	441
27	435	443
1	436	444
41	437	451
3	502	523
21	479	488
26	442	465
2	443	451
32	450	460
24	445	456
30	445	453
28	447	455
24	487	495
38	447	455
17	447	469
22	449	457
15	451	459
37	451	459
10	452	466
16	452	460
3	454	462
14	454	462
9	455	463
20	457	465
7	457	473
36	460	468
1	471	492
39	465	479
4	461	469
33	462	470
19	550	559
37	466	489
25	464	496
37	492	505
14	471	479
12	472	480
27	471	482
3	472	480
6	474	482
38	479	528
10	474	482
13	476	490
23	476	484
26	478	489
8	482	496
7	481	490
9	480	488
5	482	490
41	483	504
31	482	490
32	484	497
12	485	510
36	515	526
20	488	510
2	487	496
15	490	498
33	491	507
11	491	516
30	492	500
40	503	521
28	494	502
23	494	502
19	497	505
24	498	510
21	501	532
9	502	510
1	505	516
14	505	541
8	501	516
13	503	529
5	503	525
16	505	513
0	506	514
6	551	559
27	508	517
34	508	529
23	510	527
7	510	526
34	532	551
37	512	520
4	511	549
31	514	526
25	516	524
35	518	530
41	516	524
15	519	536
32	521	532
33	521	539
30	520	532
12	525	533
6	522	540
22	522	542
25	527	556
10	523	532
0	523	531
11	525	534
26	524	543
24	525	537
37	526	535
18	527	538
5	530	538
9	527	535
3	528	545
7	534	542
28	528	536
1	530	560
29	530	538
39	531	549
23	544	554
13	532	540
36	533	541
2	533	545
0	536	552
40	537	545
10	537	545
19	537	545
27	539	549
31	539	547
20	540	572
35	540	548
16	542	554
13	543	560
17	544	555
37	543	551
40	550	560
11	544	559
28	546	554
33	546	558
21	548	571
18	547	569
36	549	557
41	549	565
9	550	564
32	552	560
30	551	559
2	553	561
15	552	564
27	552	560
5	553	561
35	554	586
26	554	562
24	556	593
6	564	572
4	576	588
29	559	567
12	565	583
2	597	614
14	560	595
10	559	567
36	561	569
25	560	568
22	568	586
37	570	582
33	561	577
34	562	570
8	564	572
4	563	571
1	566	574
9	595	604
15	568	586
16	569	586
31	568	576
29	570	581
26	570	578
17	571	585
23	571	579
5	571	579
7	570	589
40	572	600
41	573	581
0	573	589
27	574	582
2	573	581
13	576	586
11	576	584
6	577	587
1	578	589
8	580	588
9	580	588
21	582	594
28	581	589
10	584	594
36	583	591
18	583	591
25	585	597
39	590	601
22	589	604
30	591	599
38	590	605
41	596	605
13	591	599
4	593	607
32	591	603
28	592	600
3	594	611
23	592	610
17	593	601
34	594	602
24	598	606
1	596	610
35	609	617
33	594	609
27	597	605
18	596	605
13	602	610
15	599	607
7	599	610
26	599	608
20	604	612
10	602	614
5	601	614
37	602	610
36	604	616
34	605	617
21	605	613
14	605	616
28	606	614
12	606	616
17	606	614
40	608	616
38	608	616
22	609	617
27	609	617
41	609	617
9	609	617