9	25	37
37	36	67
31	21	33
28	24	38
31	95	119
8	25	41
30	27	43
20	37	49
35	28	42
15	28	65
27	28	40
5	28	49
23	35	47
13	32	54
4	33	45
0	33	45
33	40	62
17	34	50
18	35	66
29	35	55
9	38	55
16	38	50
41	38	50
21	39	51
24	40	106
10	40	60
0	45	58
32	42	55
38	42	54
35	42	64
19	46	92
2	46	71
34	48	60
26	45	57
6	46	58
21	54	76
12	46	58
25	46	58
30	47	59
8	48	60
23	50	79
30	59	86
41	49	61
4	51	70
11	50	62
39	51	68
16	51	71
37	73	117
38	53	73
14	53	66
31	54	68
7	54	66
3	55	67
29	56	68
27	64	82
28	57	69
5	58	70
40	62	74
17	60	72
10	62	78
26	61	89
22	71	85
14	126	144
1	63	75
41	64	95
9	66	78
12	67	79
29	67	79
35	67	98
8	67	84
36	68	84
33	69	89
4	70	82
6	70	101
20	70	82
31	71	83
28	70	82
11	72	90
2	72	84
13	74	123
5	75	88
14	77	99
21	81	94
18	102	114
7	80	92
29	79	91
16	80	92
18	80	97
34	80	94
32	81	106
1	80	92
17	82	95
23	85	97
9	86	98
36	87	99
33	88	113
10	87	99
12	90	102
28	89	107
25	89	112
29	92	104
39	91	103
15	93	105
34	94	113
40	94	106
22	95	107
41	96	108
30	97	119
7	97	109
36	100	112
8	101	113
16	101	113
4	102	114
20	101	113
24	106	119
19	103	115
9	105	124
26	105	136
20	112	138
21	108	120
6	110	131
10	109	121
7	109	138
14	111	123
17	111	123
23	111	133
5	112	133
3	112	124
2	112	124
12	114	126
39	116	133
0	114	126
33	116	128
15	119	131
4	119	131
22	119	139
38	120	140
24	125	152
35	120	132
40	121	147
30	122	140
36	123	135
37	123	135
19	123	135
28	124	146
8	125	137
16	127	148
21	128	140
32	129	141
34	130	148
17	130	148
29	133	147
36	152	164
23	141	157
13	134	147
4	136	148
12	167	185
20	139	151
31	136	148
35	138	157
8	142	160
30	141	153
27	144	156
3	146	158
2	147	159
16	151	163
10	151	163
22	151	171
34	152	164
24	154	166
25	154	174
30	172	191
21	156	168
33	155	167
32	158	170
26	158	170
23	165	177
11	157	169
40	164	179
2	161	177
28	161	173
41	162	180
6	162	177
1	175	187
37	165	191
24	165	177
38	164	176
13	164	176
7	168	187
8	169	181
0	169	181
3	170	182
15	170	182
32	173	191
9	174	186
26	176	188
21	176	188
25	180	193
0	189	202
31	182	194
20	183	195
2	183	195
28	187	210
38	184	204
15	187	199
29	187	199
7	190	202
4	189	201
27	206	218
17	191	203
40	193	205
27	194	206
18	194	226
10	194	216
6	195	207
22	214	232
35	197	209
39	197	209
7	231	243
0	205	217
24	199	211
36	201	213
2	201	213
16	203	217
7	205	217
1	211	224
5	207	219
34	212	224
19	211	233
8	213	225
25	216	253
33	217	230
30	218	236
2	224	237
5	219	231
24	220	242
20	276	293
23	245	268
0	219	231
26	223	238
41	223	235
35	222	234
17	224	242
23	225	237
4	225	237
16	227	239
31	227	248
38	227	239
1	227	239
8	229	242
6	228	240
15	229	241
12	229	241
19	234	246
22	236	248
25	258	283
21	236	248
10	238	271
5	306	361
35	242	254
17	252	270
36	241	253
13	240	254
36	277	297
20	260	274
20	248	260
9	249	275
19	249	266
34	250	262
8	249	261
1	256	273
19	266	287
32	249	261
24	261	277
41	250	269
13	253	301
3	252	264
2	254	266
28	255	279
37	256	268
7	256	268
6	256	268
26	261	273
12	258	270
21	259	275
30	259	283
27	261	273
0	260	301
22	262	274
11	265	279
38	263	275
33	264	283
4	266	284
16	270	282
40	271	283
7	272	290
1	273	285
31	273	285
34	274	297
10	274	286
8	274	286
6	274	290
17	274	291
9	276	288
29	280	292
38	278	290
32	278	308
28	278	304
26	278	290
21	278	290
11	280	300
15	282	294
32	307	356
23	282	313
12	284	297
37	284	304
25	283	296
39	283	308
22	285	297
8	285	309
24	285	301
2	286	377
4	312	356
31	286	298
19	286	298
27	288	300
5	289	305
35	289	342
10	289	350
4	290	303
14	289	302
1	291	303
41	294	306
7	294	306
12	299	371
33	294	333
26	295	378
15	296	308
6	296	322
17	296	308
20	297	309
38	296	362
14	303	379
34	298	310
22	298	323
25	299	328
18	300	314
29	302	362
1	302	362
19	302	314
3	301	358
9	310	385
21	302	367
27	303	382
36	311	371
41	305	366
30	305	371
31	305	361
37	304	362
7	306	362
16	306	366
17	307	364
24	307	361
13	307	356
8	308	364
15	309	370
0	309	321
39	311	377
20	309	371
40	310	355
19	315	366
23	315	363
28	312	354
18	313	362
11	315	370
34	318	362
6	322	376
22	322	352
0	328	342
25	329	381
33	333	362
35	342	369
10	349	387
28	355	384
0	347	375
22	351	365
32	355	367
13	357	369
1	361	382
24	362	415
31	362	374
23	363	375
3	364	376
29	365	377
18	365	389
8	396	410
21	366	386
16	369	381
41	369	389
12	376	396
34	368	384
33	371	390
17	371	394
5	372	385
13	374	386
40	374	386
1	383	395
11	375	387
30	377	396
20	377	389
36	380	411
15	381	397
38	381	393
29	381	427
14	381	393
31	381	393
22	387	408
25	384	396
8	385	397
5	385	397
37	387	399
11	389	401
34	389	401
10	390	402
18	392	404
23	390	402
39	394	406
0	393	405
32	449	465
2	403	415
7	397	415
37	398	429
27	398	410
20	399	414
11	400	412
5	400	416
6	401	413
23	401	413
16	403	415
41	403	415
26	405	417
22	407	419
39	408	420
4	409	421
33	410	422
14	410	422
1	410	422
30	411	423
27	414	436
15	414	445
33	430	450
24	414	426
12	414	435
19	418	436
16	418	430
28	419	431
6	419	431
31	421	434
3	420	432
22	420	432
14	425	437
39	429	463
40	422	449
38	424	436
10	423	435
0	426	438
3	431	443
2	425	437
26	428	443
41	427	443
9	428	443
23	430	442
37	431	443
22	432	449
35	438	450
13	432	445
16	432	460
1	432	444
8	433	449
34	434	453
36	435	461
21	435	464
0	437	453
2	439	456
12	439	451
31	472	488
17	438	450
40	449	461
11	442	454
1	447	469
4	443	455
19	449	469
27	444	456
17	449	464
18	445	457
24	446	458
31	447	459
25	447	466
14	448	460
37	449	462
8	448	460
9	469	495
11	453	469
29	453	465
28	453	465
5	452	467
7	455	467
26	539	552
0	457	469
17	465	480
15	460	485
27	461	473
41	461	473
2	462	474
16	461	473
4	463	475
12	462	474
36	464	476
38	464	476
18	469	491
8	468	480
40	555	581
19	579	591
28	470	496
21	472	496
6	473	485
7	473	501
19	473	485
40	475	497
16	479	527
29	475	487
35	477	489
30	476	491
33	478	503
13	483	496
39	482	494
34	483	495
19	485	497
11	486	498
0	485	497
8	487	499
15	489	501
1	489	501
41	490	519
4	542	566
14	492	504
39	496	508
32	494	506
6	493	509
12	493	512
27	493	505
0	496	508
13	514	541
18	496	508
11	497	509
8	500	512
10	501	528
17	503	515
21	501	513
13	503	515
3	504	519
6	509	523
38	503	515
22	503	530
40	504	516
25	505	517
19	506	518
28	507	519
1	507	526
32	507	519
12	512	531
29	509	521
31	508	529
23	509	521
7	509	521
30	511	534
35	510	522
27	511	540
33	511	523
8	513	525
38	514	549
15	514	526
9	515	542
25	517	545
11	517	529
34	519	531
40	524	540
26	519	539
29	521	533
28	520	532
21	522	543
6	522	534
33	524	541
20	525	537
4	527	539
2	527	539
7	529	584
5	532	545
17	526	538
0	528	550
16	527	539
15	528	540
31	530	542
18	530	543
41	530	545
10	532	544
37	534	546
29	534	546
36	540	557
23	535	563
28	536	580
39	538	566
1	538	575
35	550	575
30	539	555
40	539	551
25	550	564
21	542	567
18	542	555
17	541	553
8	541	553
34	543	557
20	543	555
27	545	562
32	544	570
15	545	562
41	545	557
11	548	560
13	547	573
9	547	563
22	547	584
34	578	618
31	552	564
38	576	596
18	554	575
30	554	566
10	554	574
12	554	566
38	554	572
16	554	578
24	554	584
20	554	575
17	556	568
0	556	578
26	556	568
29	561	602
36	558	586
34	561	575
11	560	580
5	564	576
31	563	575
23	563	607
8	563	589
14	563	585
37	601	621
15	562	575
3	563	602
2	563	575
41	568	606
9	568	580
19	568	580
32	570	582
25	573	585
27	572	596
12	574	586
33	574	601
4	575	597
5	578	590
17	578	590
35	577	589
0	578	594
18	578	599
30	581	593
28	583	595
24	585	605
20	584	605
7	584	605
33	600	620
16	585	597
12	587	601
26	588	614
32	589	601
31	591	603
22	591	610
17	590	620
40	590	618
1	591	609
14	597	612
30	592	604
19	593	605
13	594	617
39	597	614
6	597	620
28	595	607
0	596	608
8	597	610
9	600	612
21	600	612
16	601	614
27	603	615
2	602	614
35	604	616
36	606	621
0	607	619
41	607	619
25	607	619
12	608	620