32	60	70
41	42	55
5	38	49
19	31	46
29	32	42
21	31	41
6	32	42
9	33	43
24	33	43
23	34	46
39	64	76
27	37	47
3	38	48
31	40	50
14	41	57
0	43	53
24	52	62
32	43	53
6	72	82
34	44	56
20	47	68
25	45	55
22	47	57
10	48	58
3	58	73
36	52	75
2	53	63
5	56	66
15	57	77
27	58	78
21	59	69
1	63	73
35	61	76
37	65	75
25	67	85
30	67	77
11	73	90
13	68	78
26	71	84
24	74	90
33	77	87
17	76	86
9	77	87
16	84	94
30	84	94
17	87	97
13	93	109
37	95	105
5	98	108
11	97	107
12	101	111
38	105	115
28	107	117
9	107	117
12	113	123
17	111	121
21	121	131
37	124	134
25	128	141
9	130	140
1	131	141
27	130	140
22	135	145
31	138	148
11	141	151
6	143	153
27	146	156
16	148	158
33	151	161
8	153	163
31	152	162
38	158	172
10	155	169
20	161	171
27	161	171
25	165	175
26	172	182
37	171	204
2	174	184
1	175	185
41	175	185
8	178	188
18	178	188
6	180	190
29	183	193
7	182	192
9	185	195
30	185	195
3	187	197
40	190	200
20	190	200
17	192	202
34	192	202
0	198	208
22	194	204
39	196	206
31	200	210
5	202	212
34	211	222
23	202	213
15	202	212
7	206	216
22	212	222
2	224	234
1	219	229
29	221	231
19	225	235
27	226	236
17	226	236
31	228	238
21	229	239
6	231	241
38	234	244
13	235	249
10	237	247
7	241	251
2	244	254
30	246	260
20	256	273
9	251	261
0	259	269
13	253	274
19	252	271
40	254	264
21	257	267
36	257	267
34	265	275
11	259	269
22	259	269
8	261	271
18	268	278
1	268	278
21	270	280
27	272	282
37	275	285
18	281	301
17	277	287
4	277	287
25	278	288
12	281	291
10	280	290
21	282	292
40	313	329
25	303	323
16	284	294
34	285	295
17	325	336
41	288	320
35	287	302
1	289	299
14	289	299
24	289	299
36	289	299
2	289	299
29	291	301
20	290	300
13	292	302
2	308	325
8	291	305
4	296	313
11	298	308
0	297	311
5	298	308
26	307	323
38	299	329
20	304	330
29	305	315
3	306	316
16	307	317
39	307	317
7	307	317
33	311	332
23	309	319
10	311	321
6	317	352
19	308	324
12	318	328
28	314	354
34	312	335
18	316	326
9	317	327
0	317	329
30	317	327
5	317	328
3	317	327
7	318	332
35	319	329
39	319	337
21	320	330
27	325	335
29	322	332
31	322	341
14	323	333
11	323	333
41	323	350
8	325	335
18	343	359
2	334	344
24	325	335
16	327	341
4	326	350
29	338	348
30	328	345
36	335	345
14	334	356
3	329	339
22	330	350
12	329	339
0	330	353
1	332	358
37	332	342
25	335	350
26	337	348
3	341	356
37	343	357
5	339	349
34	342	372
8	340	350
9	340	350
10	340	350
19	342	352
24	342	355
7	345	355
16	347	357
27	348	366
21	350	365
35	351	361
14	358	368
22	355	365
23	357	367
33	357	367
25	357	385
41	360	375
32	359	369
3	373	394
38	362	372
39	363	373
16	365	375
29	371	382
20	373	384
37	369	379
8	370	380
21	374	384
0	375	385
13	375	385
36	376	386
38	379	389
5	379	389
10	380	390
18	383	393
34	385	395
2	388	398
23	389	399
37	393	403
25	392	402
26	394	404
41	400	410
24	397	412
9	402	412
20	403	413
2	415	425
19	411	421
29	412	422
32	418	428
5	424	434
36	421	431
27	422	442
20	424	434
34	428	438
31	428	457
18	430	446
10	439	449
40	439	449
34	460	474
29	441	451
17	443	467
9	447	457
13	450	460
16	455	465
11	458	468
28	467	477
5	467	485
19	470	480
24	475	494
2	514	524
1	481	496
20	483	493
38	487	497
8	487	497
5	491	501
20	495	505
26	495	505
35	496	506
18	497	512
31	499	516
21	502	512
25	502	520
30	504	514
24	508	518
36	511	521
7	511	521
1	512	522
17	518	528
38	518	532
10	520	535
13	521	531
15	521	531
39	526	536
7	525	540
25	525	535
4	526	536
19	531	541
32	529	539
3	532	542
20	537	547
9	537	557
25	540	550
1	540	550
5	540	550
24	545	555
10	543	553
19	545	555
38	545	555
13	547	557
6	547	565
32	549	559
8	550	561
5	552	562
29	554	564
25	555	565
11	554	564
31	557	567
38	558	568
12	559	570
14	558	578
36	562	572
10	562	572
26	565	575
16	566	576
39	567	577
2	567	577
31	570	583
18	573	589
19	574	590
38	574	589
22	598	611
4	574	591
40	577	587
23	576	586
7	579	595
20	578	588
36	580	590
2	581	591
12	583	599
13	583	593
21	584	594
34	585	595
29	587	597
25	586	596
39	588	598
28	588	598
27	592	602
2	592	605
15	591	604
20	593	603
14	596	609
40	596	606
34	598	608
37	597	607
25	599	609
4	601	611
27	608	618
28	601	619
6	605	615
23	604	614
35	605	615
10	607	617
41	607	617
0	608	618