15	50	66
41	46	76
30	29	56
4	42	52
17	21	37
6	20	26
12	50	66
20	23	29
5	23	39
34	23	29
39	25	31
0	24	40
11	25	31
18	26	32
10	57	66
36	27	38
22	29	35
32	30	36
27	30	44
14	31	57
24	31	46
25	31	37
8	34	53
23	32	38
34	49	64
33	46	58
41	35	41
39	37	48
11	37	43
3	39	60
29	39	56
38	39	49
9	40	48
6	42	48
31	42	48
13	42	59
19	44	51
20	44	59
18	51	76
37	45	52
0	46	54
1	46	65
21	48	58
11	50	56
32	50	62
7	51	66
26	52	62
40	54	60
36	54	62
2	56	62
5	56	70
25	57	85
35	59	81
31	60	68
24	60	66
9	62	68
33	63	69
6	64	84
3	65	71
4	77	89
26	68	100
27	69	75
11	67	87
3	76	92
34	69	82
1	70	76
14	70	76
29	70	76
19	71	77
8	70	93
17	70	79
22	72	82
39	72	99
16	73	86
23	74	80
13	74	80
5	76	82
20	106	120
9	77	88
40	80	90
7	78	85
33	80	92
2	81	87
37	89	100
28	81	87
21	82	97
36	83	89
14	83	111
38	86	106
12	88	94
5	90	96
20	90	96
34	90	102
10	92	98
31	93	99
28	94	104
13	94	100
11	95	116
32	96	106
41	97	113
29	97	105
25	98	104
1	97	103
40	98	111
30	98	104
9	104	110
17	103	109
21	105	126
16	104	110
10	106	120
3	107	124
37	107	113
0	108	114
4	108	114
7	109	115
22	109	115
25	111	117
18	112	118
36	114	126
1	114	128
39	115	121
34	115	128
9	117	124
6	117	128
26	120	144
2	121	127
17	120	127
23	129	135
31	123	129
28	123	131
4	129	135
27	127	137
29	128	134
15	129	135
7	132	138
25	128	134
11	130	136
41	129	135
19	131	145
36	136	142
35	134	140
20	136	142
31	136	142
14	139	157
32	145	160
33	140	146
39	140	151
34	141	147
15	141	147
18	154	160
9	144	150
22	147	153
1	148	154
36	149	162
7	148	161
0	151	193
24	152	163
6	152	158
35	156	162
33	161	168
25	161	167
41	162	168
16	163	178
26	163	169
21	172	187
23	165	177
31	164	170
40	166	191
14	167	173
24	168	184
28	169	175
5	171	177
32	170	176
3	172	190
39	172	178
19	173	179
11	177	183
13	177	183
27	178	184
10	178	184
17	178	184
15	182	188
23	183	189
28	185	191
7	187	195
18	187	202
12	192	198
5	188	194
38	188	196
4	194	200
26	197	219
33	192	201
20	191	197
2	193	199
27	193	199
3	195	201
34	195	201
15	199	208
23	199	205
8	201	207
16	200	214
28	200	206
37	202	208
38	204	210
14	205	211
39	208	217
32	210	216
4	211	228
6	211	217
7	215	221
19	213	219
34	215	221
33	218	237
40	215	223
2	317	349
13	217	231
10	218	224
6	225	233
8	223	243
5	222	228
3	222	235
18	223	229
20	222	228
25	227	241
36	226	232
12	233	241
31	229	235
19	228	234
28	230	236
9	229	235
40	229	242
32	229	246
14	231	260
38	232	238
7	232	239
21	234	240
23	235	241
13	243	257
15	238	280
20	240	270
31	241	250
26	241	247
22	241	247
18	243	249
37	243	249
38	243	249
16	243	249
33	244	250
19	245	267
10	246	254
23	248	278
34	247	257
19	272	301
12	248	262
39	249	256
5	250	261
8	250	277
17	254	260
7	251	276
4	251	257
22	254	260
30	255	263
33	256	264
36	256	262
10	259	268
28	258	284
9	286	386
26	265	271
31	260	274
25	262	275
27	262	295
39	265	272
13	263	282
34	263	269
5	267	273
32	263	269
11	263	269
1	266	278
21	266	282
6	266	272
40	266	272
16	267	273
7	305	353
41	271	288
0	272	278
38	271	362
33	271	295
2	274	284
1	283	292
12	274	296
32	275	281
11	304	368
11	276	283
10	274	280
9	275	281
4	276	287
31	279	292
5	281	327
17	281	287
18	310	372
14	282	288
30	282	292
22	287	300
26	283	378
37	285	347
8	285	303
29	286	311
40	295	301
23	288	353
25	289	295
16	288	295
12	306	399
15	289	304
18	289	300
36	289	347
28	299	360
7	291	297
33	313	380
24	296	302
20	293	299
2	291	297
19	306	372
41	296	352
25	311	348
34	297	303
14	299	323
30	298	363
21	298	371
10	299	348
35	307	366
6	303	357
8	308	359
17	306	350
31	302	356
16	302	348
4	307	378
1	303	357
27	303	349
3	306	349
32	308	363
20	308	349
39	307	329
15	314	351
13	308	331
22	309	357
34	312	383
0	312	375
24	318	359
29	321	348
40	321	366
14	333	355
5	333	355
39	335	367
13	337	360
7	396	403
20	361	384
36	355	363
17	355	361
2	355	361
3	354	371
10	357	363
5	363	373
7	360	370
41	364	387
25	363	373
31	365	371
24	364	382
2	367	380
15	367	373
8	369	375
32	368	376
36	368	383
1	368	374
10	368	374
17	371	380
28	371	377
13	371	380
6	374	380
22	379	393
23	375	393
21	376	382
37	378	402
16	383	394
35	381	387
40	380	386
19	382	388
11	388	394
33	392	402
14	389	395
36	390	396
28	389	395
2	391	397
17	393	399
26	394	414
6	394	400
18	394	400
19	396	402
11	403	412
10	408	415
9	396	402
24	398	404
39	400	406
41	404	414
26	434	448
0	400	406
40	402	408
22	403	415
30	405	411
31	404	410
23	406	412
19	407	434
38	407	414
13	408	417
37	407	413
4	409	415
2	410	416
12	410	416
24	409	425
39	412	423
14	413	433
17	411	421
28	411	423
11	417	430
34	412	418
25	414	420
15	415	427
13	429	453
21	416	422
33	418	426
37	419	425
3	419	437
1	422	432
36	423	429
29	424	430
38	424	430
2	425	440
7	428	436
9	426	458
41	425	452
12	425	431
5	431	440
6	429	435
35	429	435
30	430	442
31	430	446
21	431	437
0	435	441
20	435	441
8	435	441
25	437	458
11	440	446
18	440	446
34	441	447
35	442	455
24	442	448
40	444	453
29	445	456
14	443	449
17	454	460
8	446	462
15	447	453
37	535	549
10	446	459
36	450	456
37	449	455
4	464	484
14	472	478
20	451	457
6	453	460
5	455	461
35	465	471
11	460	473
15	459	465
24	462	473
0	462	468
6	503	522
41	462	477
27	464	483
38	467	473
34	467	473
20	467	473
19	467	492
25	467	479
3	468	474
7	476	483
9	469	475
5	473	480
1	475	491
18	475	481
41	536	559
28	478	484
37	480	495
6	480	486
31	480	486
35	480	486
21	479	485
26	481	496
40	481	492
14	486	493
22	482	488
35	526	532
39	486	493
16	577	599
2	505	527
0	489	504
35	496	502
9	490	502
13	490	499
23	490	497
38	496	550
40	513	534
15	492	498
27	492	504
22	493	506
32	494	504
25	495	502
5	498	523
34	498	513
10	499	505
20	498	508
11	499	505
16	500	522
31	501	514
28	501	531
1	503	509
17	505	511
3	506	546
24	506	522
4	507	513
19	506	512
23	511	535
39	510	516
41	509	515
25	509	515
26	510	524
7	513	524
35	513	519
13	513	519
15	514	523
10	514	520
9	515	538
27	514	538
12	516	522
18	516	527
36	517	523
32	517	523
19	520	526
0	520	526
1	520	526
8	521	533
30	522	528
22	521	527
34	526	539
32	528	534
25	524	560
31	525	544
31	585	605
17	536	549
10	527	541
12	528	561
29	529	535
13	529	535
36	530	536
6	531	537
33	530	540
15	531	545
22	535	549
18	532	538
24	531	540
14	533	546
39	532	538
11	535	543
4	540	556
7	537	551
35	537	544
2	538	544
32	540	555
30	540	559
29	540	568
19	543	550
28	542	560
24	548	578
1	547	555
9	547	553
23	547	566
5	547	564
33	547	557
39	549	567
0	550	556
27	552	569
14	552	558
10	554	564
26	555	563
3	584	600
11	555	574
8	560	584
20	556	567
16	558	568
3	558	564
2	561	569
6	560	568
22	560	566
38	562	587
14	575	608
9	561	609
23	575	610
21	562	580
4	562	596
15	563	569
13	563	569
34	565	582
37	565	571
18	567	573
28	567	581
31	568	579
25	569	592
12	569	584
1	583	589
35	569	575
7	570	582
39	572	590
33	572	579
2	574	580
19	574	584
26	576	587
41	575	600
5	578	584
13	592	602
27	578	584
6	578	600
36	578	600
29	579	589
30	581	592
11	581	587
12	601	607
17	584	590
7	590	596
10	595	604
28	592	598
5	593	602
19	593	599
22	594	604
37	599	614
38	595	601
39	595	611
15	595	601
2	595	612
16	604	610
8	597	609
35	598	604
13	607	615
7	601	609
24	600	606
11	601	610
1	603	609
34	603	613
29	604	610
19	604	610
21	604	610
41	605	611
26	604	610
25	606	612
32	605	615
40	607	613
27	606	612
33	606	612
30	606	612
20	606	614
35	609	615