28	42	52
29	28	46
3	24	34
35	22	51
12	21	51
41	40	63
22	29	55
32	23	33
8	25	49
36	26	36
40	26	36
31	29	39
1	28	38
39	29	64
5	69	79
11	32	42
14	32	42
23	32	42
5	33	59
15	36	53
17	36	68
25	46	56
30	48	58
36	40	60
1	40	54
16	40	50
3	41	60
32	41	52
6	42	53
27	42	54
18	42	52
13	42	64
40	47	62
0	46	59
26	47	61
23	49	72
2	54	69
9	49	64
10	50	61
16	51	61
38	55	68
11	54	79
4	54	79
8	55	66
15	56	66
29	57	77
1	58	112
34	58	69
12	59	69
7	59	69
35	61	73
30	75	89
6	61	71
37	62	86
28	63	74
22	66	87
10	65	80
3	68	78
31	68	89
13	69	97
20	70	92
12	70	80
2	71	90
19	71	89
21	71	87
39	70	87
36	72	82
16	72	83
28	75	87
14	73	83
8	74	84
27	75	89
25	75	85
24	75	92
0	75	86
9	77	108
23	80	91
18	79	89
28	95	113
27	91	111
34	85	95
16	95	119
3	86	96
6	86	96
12	87	103
38	87	106
8	88	102
40	88	98
22	88	107
14	91	107
2	91	116
32	92	111
19	93	118
35	93	103
0	93	103
5	104	137
26	102	115
4	97	107
36	99	109
41	101	117
37	99	115
31	104	117
11	104	114
30	105	115
25	106	116
18	109	119
23	116	129
19	155	165
3	111	132
4	110	127
40	112	122
14	112	134
39	114	130
10	114	124
38	114	134
11	212	228
25	117	127
2	125	146
20	122	140
26	124	134
7	138	154
25	132	142
0	126	138
19	128	138
22	128	144
9	134	144
30	130	141
1	129	139
12	130	140
16	132	142
26	140	153
33	139	149
24	135	145
31	135	161
27	137	156
29	138	148
11	140	150
39	140	156
15	141	151
23	145	155
17	142	152
4	142	152
38	141	159
0	144	154
40	142	152
25	190	203
35	145	165
37	149	165
18	146	164
34	151	161
3	148	161
2	149	159
6	150	160
16	153	163
36	153	163
14	155	165
17	181	197
39	158	173
33	161	178
30	163	173
34	164	174
26	165	189
6	168	178
38	166	176
24	171	181
35	197	215
3	172	182
2	172	184
37	176	186
15	176	202
12	178	205
36	178	188
25	178	188
10	193	203
11	187	200
0	184	202
6	186	196
7	186	206
23	186	196
20	193	209
26	191	201
28	191	201
29	191	201
9	192	202
30	193	203
38	198	208
9	216	232
39	200	210
31	201	214
16	201	219
36	204	229
28	204	214
33	203	213
26	204	214
3	203	213
34	295	312
37	205	222
2	205	215
12	210	234
15	206	216
0	208	225
14	209	219
24	211	221
13	212	227
20	212	222
38	220	230
32	214	224
4	215	234
6	216	229
21	217	227
14	225	242
39	219	229
26	220	235
23	235	297
27	274	288
30	224	246
40	226	236
2	226	236
37	227	237
15	226	239
32	227	237
19	230	244
35	232	242
25	232	242
20	237	255
28	233	253
21	233	245
0	232	243
22	233	244
26	285	325
6	244	274
36	236	253
40	237	247
8	238	248
1	238	257
34	237	250
11	238	248
39	239	250
38	239	254
26	242	258
16	241	252
2	243	253
5	246	256
18	244	254
3	244	254
17	246	259
24	254	264
31	274	292
22	247	264
41	248	258
12	248	259
0	273	286
15	249	277
39	269	300
19	249	269
27	251	265
37	252	262
29	254	264
33	255	265
25	255	267
14	256	266
30	257	278
3	257	267
31	259	272
39	258	268
34	258	268
38	259	269
12	261	271
35	261	281
28	262	281
7	264	274
32	265	280
5	263	273
29	265	275
10	264	279
17	267	277
22	268	291
8	266	286
36	266	276
4	268	282
6	275	370
20	269	279
24	270	360
25	269	281
22	314	360
2	271	287
40	272	298
19	271	288
13	271	286
26	273	283
3	274	301
20	280	308
18	277	287
9	277	287
12	314	358
16	278	297
37	279	289
21	280	300
36	282	300
25	283	359
41	283	293
9	298	352
33	285	295
11	286	297
14	285	315
2	293	304
0	290	358
30	288	370
1	288	353
27	290	331
4	301	368
12	290	300
8	308	358
32	290	340
13	301	341
7	294	304
31	295	363
35	295	326
19	298	347
23	298	315
15	321	384
5	299	309
18	299	309
15	299	309
37	299	317
21	301	355
2	305	368
10	301	311
12	301	311
36	303	367
40	314	377
28	303	369
39	304	352
3	311	382
33	304	347
11	306	316
41	307	341
38	308	359
15	310	320
16	310	372
18	316	362
5	310	358
17	310	359
7	315	346
29	316	345
34	316	347
11	317	349
23	317	363
20	316	355
14	317	367
10	321	371
37	323	366
26	327	347
35	331	375
27	339	378
13	345	355
41	345	376
29	347	363
34	350	382
33	351	369
32	351	371
7	351	387
19	353	363
11	354	379
12	371	390
1	355	373
39	357	376
20	357	394
22	363	377
26	361	379
13	361	371
9	363	373
0	364	381
29	365	385
24	365	375
23	366	378
38	367	377
5	366	376
14	368	396
8	371	385
36	371	395
4	371	381
37	371	413
19	373	383
2	372	384
18	373	383
16	375	385
28	378	388
21	379	391
22	379	414
31	381	392
30	381	391
32	383	393
35	384	394
24	384	394
6	386	396
8	424	434
7	390	401
18	387	397
40	387	400
9	390	403
0	390	404
13	390	400
29	420	434
29	393	409
26	394	422
17	394	404
27	394	404
12	394	404
35	395	412
20	397	407
5	397	407
33	398	408
31	399	409
39	398	408
41	400	410
10	399	409
15	402	412
18	403	413
34	404	426
8	403	413
27	405	415
9	407	424
23	408	418
39	409	419
2	409	419
13	408	423
5	410	420
28	410	420
31	411	421
4	413	423
6	412	422
14	414	424
0	414	425
1	419	429
17	417	427
20	418	428
38	420	430
32	423	433
32	435	449
33	422	432
28	423	489
39	424	434
16	424	434
19	424	434
5	425	435
26	425	445
27	424	443
23	424	434
11	426	436
0	426	436
4	428	447
14	429	439
13	428	442
6	427	445
31	428	441
7	428	438
12	428	443
36	430	449
3	431	441
2	432	442
10	432	442
30	439	468
9	435	453
16	435	445
19	435	445
18	435	460
20	438	449
38	439	457
33	440	450
41	440	450
21	443	453
11	444	454
29	446	462
14	446	456
3	445	455
31	448	460
25	448	464
40	449	459
24	452	466
22	451	461
11	511	533
21	454	464
27	456	466
38	499	534
13	455	465
39	456	466
1	456	466
32	459	476
33	459	469
11	460	470
20	462	472
18	509	535
22	464	474
1	468	490
0	467	477
12	469	479
41	469	479
26	470	483
14	468	478
40	469	479
30	471	481
4	472	492
3	471	481
35	472	483
18	473	493
27	474	491
9	476	486
38	479	489
21	478	497
37	479	489
3	514	542
24	480	490
36	481	491
16	483	503
32	485	495
19	486	497
0	486	496
6	486	501
9	487	497
29	488	498
41	489	499
33	490	500
7	491	501
28	490	500
41	534	555
12	493	503
37	494	504
35	495	505
13	496	506
4	496	528
10	497	507
23	496	506
34	496	511
32	498	508
1	502	512
21	501	533
15	503	517
40	503	522
22	505	531
31	505	528
28	507	547
16	507	517
36	506	540
10	510	540
6	509	519
19	510	520
25	512	541
8	545	604
24	512	522
23	514	531
12	513	527
20	513	539
1	513	523
9	514	540
26	514	530
33	517	527
35	515	526
8	515	528
2	517	533
5	523	546
29	527	549
13	519	542
37	519	537
6	521	534
0	521	531
34	522	532
41	522	532
40	524	552
35	527	564
17	526	555
24	531	563
14	528	582
7	528	538
27	528	538
8	529	539
30	531	541
33	531	541
23	556	579
34	533	545
23	535	545
2	535	545
1	536	566
26	536	555
6	538	548
4	536	552
18	538	549
33	570	583
37	538	548
22	540	550
7	541	551
31	540	550
11	540	550
32	542	564
18	581	595
27	543	556
12	545	555
20	544	554
21	544	564
36	545	570
19	546	556
16	547	557
5	548	558
39	548	579
0	550	560
30	550	561
3	550	563
31	552	562
2	551	572
37	552	562
40	553	563
4	554	574
11	555	565
13	555	565
9	555	575
17	559	616
25	555	571
6	557	567
15	559	584
19	558	587
10	560	570
5	563	577
37	563	593
26	562	583
3	564	581
16	565	575
30	565	575
12	565	583
24	564	574
27	564	591
0	566	580
11	567	586
20	570	583
21	571	581
40	574	590
6	573	597
28	580	609
4	576	586
34	576	591
38	578	588
30	577	587
36	579	592
32	579	589
23	580	595
16	581	597
13	581	591
5	582	592
41	581	591
3	583	603
26	585	595
31	587	597
21	587	597
30	589	599
9	588	599
23	598	618
26	602	615
39	590	600
19	591	601
0	592	602
32	594	610
11	594	604
22	593	603
12	593	615
38	595	606
15	596	616
4	596	608
13	595	605
2	597	614
16	598	613
7	602	612
29	607	617
18	600	617
31	599	609
37	602	614
20	602	612
24	602	616
19	602	612
30	604	616
27	604	617
8	605	615
25	605	618
14	608	618
22	608	618
9	607	617
13	608	619
34	608	618
11	609	619