9	26	43
25	37	47
19	27	38
11	33	59
35	32	46
13	32	56
14	34	44
23	35	45
18	35	45
0	36	46
0	47	57
33	40	54
2	42	52
19	48	60
34	43	66
8	43	53
31	43	53
38	45	62
18	46	58
1	45	60
37	45	55
27	45	55
17	48	86
21	49	59
9	49	61
41	49	59
40	52	66
32	51	63
10	52	62
37	63	73
4	54	64
39	54	64
14	55	66
25	56	95
29	56	66
26	57	68
15	57	67
7	59	76
18	62	72
28	60	85
26	69	83
1	65	82
10	82	101
33	65	75
38	68	78
40	69	79
13	69	79
36	70	80
11	70	80
6	69	79
9	70	80
29	73	83
30	73	83
20	82	99
15	87	104
14	75	87
8	76	87
7	77	87
41	76	86
29	101	114
32	77	87
5	79	89
24	84	94
0	84	94
35	83	112
23	83	93
22	87	97
2	88	108
36	87	97
38	88	98
34	93	103
40	95	105
16	95	105
9	96	106
0	97	110
4	102	112
7	101	111
23	102	112
32	106	117
37	106	116
31	120	132
11	110	127
8	109	119
3	110	121
26	115	133
2	111	122
1	114	124
30	115	125
27	117	127
21	121	135
33	121	131
34	124	134
19	125	135
37	126	136
32	127	137
1	129	142
8	128	138
0	130	140
9	149	159
23	132	142
40	132	142
31	141	151
13	135	145
41	140	155
27	141	151
3	151	163
22	149	171
18	150	162
34	147	157
21	146	156
15	153	163
28	160	170
17	164	179
34	169	179
0	169	179
37	171	181
2	173	190
30	183	196
24	186	196
5	221	231
16	192	207
36	193	203
2	193	212
27	213	223
3	198	208
17	198	218
0	201	211
32	201	211
36	205	222
28	207	217
40	207	220
12	208	218
2	213	223
31	214	228
38	212	226
15	213	223
41	214	224
9	215	225
0	214	224
18	217	234
37	222	232
3	219	229
13	222	240
22	222	232
12	225	235
20	230	240
32	229	239
28	232	242
35	231	241
14	236	247
17	231	245
27	237	247
31	240	250
33	244	278
15	243	260
20	243	253
7	244	254
4	244	254
22	251	261
16	243	258
23	246	256
32	248	258
12	247	257
5	251	261
13	250	270
21	250	260
1	252	262
29	256	266
31	257	279
39	256	266
38	259	271
19	259	269
25	267	277
35	261	271
21	262	272
14	298	315
4	265	275
17	266	276
26	270	287
14	265	275
10	267	286
34	268	278
39	268	280
7	269	279
1	271	281
13	352	363
19	282	293
8	273	283
29	272	284
3	288	314
16	273	287
0	276	289
5	284	294
41	277	291
24	276	286
19	298	349
18	277	291
37	279	289
40	281	291
32	284	305
15	284	298
23	303	318
12	285	297
35	287	297
24	290	305
22	291	309
21	303	313
36	293	312
34	292	302
11	295	336
7	293	320
31	296	336
35	308	337
20	295	305
37	297	329
32	324	356
2	299	309
9	302	318
40	299	316
4	299	311
39	298	308
8	300	310
29	301	312
30	357	385
14	317	334
12	302	312
0	312	331
15	304	316
16	304	319
38	309	334
5	306	323
28	313	341
41	309	341
32	306	321
20	308	323
15	317	339
18	309	319
30	309	319
1	309	319
29	315	349
22	310	320
13	315	338
39	312	352
33	312	323
27	313	335
34	315	342
5	335	371
7	333	356
2	313	323
24	313	323
8	319	343
4	315	366
22	322	332
25	316	326
26	319	333
3	315	327
17	317	359
36	316	355
10	316	329
11	339	353
6	319	338
21	320	355
18	321	337
0	380	391
25	327	347
30	320	356
3	328	339
40	322	338
9	322	352
2	325	346
24	326	344
12	326	371
1	325	335
33	327	337
20	329	357
14	337	365
23	332	348
37	332	351
10	333	343
26	344	358
22	333	365
1	336	363
27	340	351
3	340	360
16	337	356
15	341	355
38	342	365
41	342	359
33	342	362
10	344	354
0	344	369
34	348	363
18	367	391
24	348	358
37	357	384
35	351	362
28	350	360
25	352	371
8	351	361
18	353	366
11	355	380
19	356	366
32	357	367
21	357	367
27	359	369
15	360	380
2	364	374
9	361	371
20	362	380
40	361	371
17	363	373
39	363	380
41	362	385
1	366	378
24	367	377
8	367	377
14	368	378
29	370	380
34	374	385
32	369	379
26	369	379
5	372	382
16	371	381
13	373	383
38	375	385
7	377	392
6	376	386
4	380	392
26	380	390
24	380	390
8	387	397
31	383	393
14	383	393
27	386	405
37	386	396
20	387	397
16	393	412
13	391	401
6	392	402
9	391	406
2	392	402
15	395	405
10	396	406
23	398	413
0	399	425
18	399	418
29	400	410
39	406	417
39	480	491
41	410	425
19	410	420
15	411	421
36	411	421
25	414	427
29	416	441
9	417	427
13	419	429
24	421	431
31	424	434
20	424	434
30	423	433
41	440	455
41	426	436
27	426	436
23	429	439
8	428	438
6	430	449
32	432	442
3	433	443
22	432	442
16	438	448
30	437	447
17	440	450
9	443	453
7	452	463
13	447	457
34	446	456
30	448	462
28	456	469
11	452	462
9	454	464
8	456	466
25	458	468
1	481	495
23	460	471
17	460	470
13	460	470
27	460	470
6	465	480
15	464	474
35	467	477
22	468	478
26	468	478
1	469	479
29	471	481
38	475	485
15	480	494
30	476	486
7	478	488
12	482	504
41	482	492
16	482	506
32	483	493
33	484	494
40	484	496
13	493	505
18	529	553
8	493	503
34	491	501
6	492	502
41	512	522
11	494	504
36	495	505
10	496	506
15	497	529
1	501	516
4	500	510
30	501	511
38	501	511
9	503	513
34	503	513
40	505	529
18	506	516
4	514	524
0	506	516
2	507	517
32	507	517
21	508	518
17	508	518
28	513	533
19	514	524
6	515	541
21	523	535
16	519	529
0	520	530
14	520	530
9	520	532
26	522	539
13	526	546
3	551	568
20	526	536
36	527	550
5	544	573
39	528	538
9	544	554
32	528	551
29	530	540
4	531	541
21	539	549
37	531	551
25	530	549
12	533	543
3	532	546
16	532	542
15	533	557
27	534	544
5	533	543
14	540	550
30	540	550
7	542	552
24	542	552
33	544	554
19	543	553
38	544	554
10	562	578
11	545	555
1	546	557
28	547	557
26	546	579
29	547	557
39	551	561
12	549	564
22	560	570
9	556	566
30	555	569
38	557	567
32	558	577
11	558	574
23	558	568
37	559	571
25	565	587
31	562	581
6	563	573
4	563	576
34	564	574
35	565	575
28	567	577
27	569	579
0	568	578
10	590	607
12	569	585
30	571	581
9	577	589
2	571	581
36	571	581
3	573	583
23	573	583
41	572	582
27	584	600
8	573	583
11	577	587
29	575	585
22	578	588
0	579	589
6	581	596
15	581	591
21	582	597
24	583	593
23	584	594
30	584	594
13	587	597
41	590	600
20	590	610
25	591	608
29	596	618
9	593	603
26	595	605
7	596	606
15	595	605
38	595	605
24	597	607
1	596	606
6	597	607
8	599	615
16	598	614
0	602	617
18	600	610
13	605	617
23	604	614
41	605	615
40	605	615
19	605	615
38	607	617
7	608	618
15	608	618
28	609	619