3	30	45
22	23	32
4	23	37
22	39	56
23	27	33
20	27	34
16	30	37
21	29	35
0	44	60
40	32	38
12	33	44
14	34	62
39	34	52
8	34	40
5	35	41
27	38	57
7	35	44
2	35	43
28	36	42
6	37	43
35	44	56
25	38	55
32	38	53
20	40	46
21	41	48
34	43	53
33	41	49
3	50	62
41	43	49
37	43	49
31	44	60
11	44	58
13	46	52
5	46	52
8	47	53
28	48	75
19	49	58
36	49	55
24	50	61
2	50	56
29	50	62
18	50	58
7	51	57
38	51	57
16	53	60
40	53	74
23	66	83
4	54	60
41	54	60
5	61	90
15	55	70
12	57	65
2	62	72
37	58	64
9	60	66
21	60	91
32	60	66
1	67	82
7	64	79
36	64	70
25	63	75
17	65	71
10	66	72
41	67	73
11	67	83
24	68	74
26	68	81
19	68	74
18	68	75
29	68	74
8	68	88
13	70	76
14	70	77
39	70	76
6	73	81
12	74	80
16	74	80
22	73	83
31	74	108
37	75	87
35	77	83
17	77	89
38	77	103
2	78	84
29	79	100
41	78	84
40	79	98
30	82	94
24	83	89
0	84	90
3	84	90
32	84	91
14	84	100
13	84	90
16	86	106
15	85	100
9	87	102
41	89	112
19	90	107
36	90	96
37	92	98
27	95	111
24	95	101
18	105	112
13	98	104
35	102	116
14	141	151
1	98	104
36	101	107
17	104	110
5	104	114
40	106	112
7	180	203
10	114	122
34	109	125
39	109	115
28	111	117
8	111	117
37	111	117
6	112	118
26	111	125
33	114	146
17	176	202
32	113	121
36	129	139
23	114	127
11	114	120
31	115	122
19	119	125
0	116	122
20	132	141
38	123	132
18	119	125
17	119	127
40	120	130
30	123	129
1	123	139
12	130	136
15	124	130
4	124	133
37	125	131
21	127	133
0	127	139
24	126	135
22	130	136
7	134	140
28	130	136
27	132	138
41	164	173
29	137	148
26	138	144
8	138	154
3	139	150
37	139	145
34	141	147
12	141	151
28	144	150
41	143	149
31	145	161
18	147	153
13	148	154
16	150	156
3	157	163
32	153	159
30	158	165
17	153	159
20	157	173
22	156	162
12	156	162
11	158	164
29	159	165
6	160	166
40	161	167
19	163	169
1	162	168
24	164	176
26	165	171
13	164	179
0	166	172
28	166	177
37	166	172
34	168	174
10	169	176
33	171	177
29	171	177
6	174	180
15	176	182
23	181	187
30	178	184
24	220	236
10	184	207
24	182	188
27	183	194
29	183	189
33	184	190
41	188	194
12	188	194
1	191	204
6	198	207
9	194	200
18	197	208
8	198	207
39	199	205
30	202	208
26	205	211
33	205	217
25	204	210
13	206	212
37	207	213
11	206	212
24	207	213
34	207	213
40	209	215
39	211	217
17	213	219
15	215	221
29	216	230
7	215	239
19	215	221
40	220	234
13	221	227
8	223	230
36	222	228
12	223	229
3	225	234
21	225	231
34	228	242
14	229	241
2	236	258
32	230	236
22	228	234
41	230	236
28	230	243
25	230	236
5	233	263
19	243	250
9	235	274
10	239	245
30	239	245
39	239	245
24	242	248
23	245	251
31	244	252
40	243	255
1	244	258
13	243	256
7	244	250
22	244	250
35	269	294
36	243	253
35	245	251
15	245	251
8	247	259
37	245	255
11	254	266
6	256	266
32	248	254
19	259	266
4	250	256
39	250	262
13	265	271
26	252	267
21	252	258
17	254	308
10	255	265
14	255	261
38	256	282
41	273	280
32	262	270
7	256	262
15	258	264
23	257	263
34	257	282
28	260	268
24	258	271
40	261	267
41	261	267
39	270	282
4	262	282
16	262	287
18	306	353
18	263	269
26	293	357
14	266	272
27	266	273
30	265	271
20	285	293
32	338	356
33	266	272
20	269	275
5	301	347
29	270	279
12	270	276
19	271	286
25	269	280
23	271	283
22	272	284
30	276	322
28	274	280
20	304	330
11	275	285
40	274	283
2	274	280
1	275	309
6	277	299
25	290	347
36	278	284
15	278	293
10	279	294
32	282	288
21	281	311
0	286	292
9	285	291
37	287	299
14	288	299
11	297	378
18	289	295
7	291	355
16	316	339
31	290	350
33	291	297
14	307	382
3	293	357
2	294	300
23	294	304
15	298	338
40	294	361
32	295	301
4	296	304
28	308	372
29	296	306
34	301	330
8	298	304
22	299	355
19	303	358
9	302	317
6	304	359
39	301	345
24	303	357
27	306	312
41	304	365
12	305	320
35	305	311
37	306	352
2	306	312
38	306	369
36	306	312
10	307	329
17	314	358
0	307	348
29	312	349
23	309	398
35	317	352
33	310	341
13	310	343
32	311	325
8	312	373
2	318	342
1	314	329
4	313	361
27	318	383
36	321	338
21	332	362
9	327	353
12	326	381
30	331	372
1	335	350
34	336	363
10	338	346
20	340	375
15	343	353
16	345	357
39	350	356
33	350	385
13	351	359
10	351	365
2	352	358
25	352	373
22	444	453
36	353	359
16	368	383
29	357	368
5	357	363
18	358	365
0	358	380
22	361	367
32	362	373
1	363	382
24	366	385
5	368	374
31	369	375
37	369	387
39	368	374
2	371	377
41	371	394
22	373	379
6	373	383
35	373	380
4	374	385
40	375	381
38	375	391
36	378	384
10	379	389
19	381	387
30	383	391
5	383	389
7	384	390
20	383	426
11	384	390
1	387	393
26	387	403
34	387	400
6	393	399
40	391	397
39	392	398
37	392	404
2	394	405
15	397	404
8	398	404
29	397	406
14	399	405
33	404	411
41	401	407
13	404	410
6	404	410
39	405	441
23	407	426
1	407	413
22	409	415
26	409	415
37	414	420
15	409	415
35	410	417
2	410	461
38	411	417
32	420	426
28	415	421
5	415	421
0	416	422
1	435	445
12	417	423
29	417	423
8	421	427
31	419	425
9	419	425
18	427	439
40	422	428
36	422	428
16	424	430
11	427	433
24	428	434
3	428	439
41	428	443
37	429	456
6	430	442
20	431	437
35	430	440
10	431	437
32	431	437
9	431	438
26	431	437
13	432	438
17	433	439
4	455	461
23	434	441
8	435	451
29	434	440
15	434	456
7	435	453
33	438	460
11	438	444
27	438	444
14	443	449
34	443	449
0	443	449
10	450	466
20	445	451
17	446	452
26	452	458
18	446	462
8	509	518
21	447	453
30	448	459
16	447	453
40	449	455
38	450	456
23	452	458
24	453	459
29	453	459
28	469	478
6	455	462
39	455	461
41	458	471
17	459	466
23	468	476
8	461	468
1	461	470
20	461	467
9	460	466
11	462	469
38	464	470
40	465	471
36	467	473
15	474	480
16	469	475
29	468	474
31	471	490
7	472	478
4	472	478
26	473	484
33	474	482
30	474	489
24	475	481
41	476	482
40	476	482
25	475	481
21	478	490
5	480	486
18	529	551
19	481	495
34	482	488
16	482	488
6	483	497
39	484	490
37	492	498
8	486	502
32	487	493
22	522	579
24	488	523
0	488	500
13	489	506
7	490	496
40	489	495
23	493	499
28	494	500
36	494	507
22	496	506
17	497	503
9	497	506
18	499	505
16	501	507
15	502	518
35	503	519
33	503	509
4	503	509
20	506	512
26	526	544
2	510	525
3	511	517
23	512	518
15	557	567
38	511	536
40	513	528
27	512	526
37	513	529
34	525	534
26	514	520
41	519	528
17	519	538
19	515	527
32	520	534
29	515	531
5	517	536
13	515	521
28	518	524
16	519	525
9	520	541
33	520	533
11	520	526
1	520	526
10	521	543
25	521	531
13	527	536
20	523	537
4	524	530
8	525	544
3	526	533
6	527	540
16	538	544
31	527	536
21	529	535
36	531	540
14	530	575
24	551	559
39	539	554
0	532	538
1	532	540
19	532	548
28	534	540
37	534	540
31	565	606
24	536	543
7	536	542
29	538	559
11	539	545
27	537	550
23	538	544
34	539	547
30	540	546
4	540	553
2	540	550
13	542	549
31	542	548
33	541	559
17	544	593
3	543	559
12	546	552
21	547	566
32	549	576
35	548	563
6	549	558
41	550	559
7	550	567
37	551	557
8	550	556
12	557	576
23	552	580
10	552	558
37	563	569
5	553	573
25	554	560
9	557	575
30	555	561
2	562	573
34	557	563
1	556	562
39	559	585
28	560	572
0	560	595
38	563	569
13	563	569
36	563	569
41	564	597
8	565	571
11	566	587
33	570	578
6	567	577
3	590	609
35	568	574
4	569	577
19	569	611
29	570	577
27	570	576
34	574	580
13	574	580
7	576	582
28	577	584
30	578	584
5	578	584
10	582	613
20	596	615
25	580	586
20	580	586
24	580	592
2	580	586
35	581	587
26	581	587
14	581	595
36	581	591
29	582	588
25	609	615
27	586	605
21	582	588
33	583	589
6	585	595
12	585	593
15	585	591
34	587	595
32	586	592
40	586	592
37	587	593
5	589	595
38	589	602
4	590	598
13	589	613
30	592	610
28	592	598
8	593	599
21	594	614
35	594	609
2	596	612
26	595	601
33	596	602
23	598	608
39	598	609
29	601	614
15	599	607
9	600	606
11	600	606
36	602	615
34	602	608
8	604	610
0	603	615
26	606	612
17	606	615
7	607	613
32	606	612
24	607	614
40	609	615
37	609	615
6	609	615