34	41	80
13	35	52
39	22	41
9	27	51
40	24	46
3	25	83
29	34	50
16	29	43
19	29	42
8	29	41
31	30	42
25	29	60
12	35	48
30	30	42
14	31	47
24	30	42
7	32	44
20	32	44
1	32	57
18	33	46
28	34	56
31	45	69
12	70	82
10	34	46
38	34	46
27	38	55
36	37	57
33	37	58
4	36	69
22	36	48
21	37	49
2	37	50
10	45	65
0	39	60
32	41	70
24	41	53
30	42	61
35	43	55
37	44	72
38	46	65
18	46	65
16	47	59
20	47	60
5	47	59
22	48	60
21	49	71
40	49	65
41	51	64
41	67	94
12	51	63
38	65	78
24	52	64
6	54	88
29	53	65
11	56	74
35	54	87
8	55	74
26	56	81
1	61	86
27	58	86
33	59	71
10	65	82
23	62	98
39	62	76
20	65	79
24	63	85
8	75	87
30	65	77
2	66	78
28	67	79
7	66	105
40	66	80
29	66	78
15	66	82
36	67	79
13	69	97
32	70	91
25	72	84
22	72	85
31	72	84
9	73	86
19	73	94
37	76	105
14	76	92
30	76	94
18	78	106
21	80	96
40	79	91
36	80	92
26	82	102
2	80	92
33	83	96
4	83	106
1	86	114
25	86	109
29	86	98
0	86	98
34	87	104
12	87	114
27	86	107
17	89	101
15	91	103
14	92	133
0	101	118
39	94	106
10	96	108
28	96	119
24	95	107
41	102	114
36	100	112
33	99	117
17	101	138
35	102	114
26	103	115
11	102	114
29	103	115
16	104	120
23	104	116
39	105	117
24	107	119
3	106	118
37	108	120
25	114	128
7	115	135
5	115	127
38	116	128
27	116	129
36	116	128
9	116	141
33	116	128
31	117	129
13	118	130
24	119	131
34	119	135
3	118	139
30	120	132
15	119	131
39	121	133
40	123	150
10	126	138
26	126	145
29	126	138
23	125	137
2	128	140
41	129	144
32	128	143
24	131	143
17	137	150
1	133	151
35	135	147
28	135	149
15	137	149
14	140	152
33	141	165
34	140	152
38	141	153
30	142	154
19	145	158
37	145	157
22	145	157
27	146	158
26	147	159
16	146	158
32	148	160
36	147	161
17	151	163
29	151	163
1	153	165
2	162	174
39	154	166
7	154	172
14	157	169
41	157	169
27	157	188
8	159	171
38	160	172
18	159	173
12	161	175
35	162	174
23	161	178
37	163	175
13	162	174
14	180	195
24	163	175
22	166	178
32	165	177
5	166	178
10	167	179
36	166	192
16	166	178
33	168	180
11	174	188
40	169	191
25	170	182
2	176	192
21	172	184
41	173	185
12	176	188
4	305	360
18	177	189
38	181	193
30	182	194
19	181	193
3	182	204
15	184	196
32	184	196
13	198	216
5	185	202
29	187	199
25	187	199
21	186	198
20	190	212
0	190	202
35	189	201
34	190	202
29	206	244
9	191	213
41	192	207
39	192	210
4	195	223
1	196	208
26	196	208
17	198	227
21	198	210
32	205	218
14	199	211
15	201	214
23	203	215
18	206	235
22	208	220
28	209	221
38	209	223
37	212	224
33	214	226
14	214	226
36	216	228
16	215	238
13	217	238
23	218	245
7	230	251
10	223	236
4	224	236
9	223	247
15	225	237
30	227	241
36	233	245
1	233	247
24	227	239
19	228	240
12	227	249
17	232	244
27	233	255
33	233	245
31	232	254
11	232	251
20	234	246
37	233	245
8	234	246
3	236	248
21	265	289
16	237	249
25	236	248
32	238	253
22	240	252
6	242	259
0	239	260
4	241	268
21	243	255
15	242	254
26	244	256
18	245	257
36	244	256
37	246	270
33	245	257
34	246	267
29	250	262
16	251	285
30	251	272
20	257	269
41	250	272
23	252	274
10	253	269
2	252	278
1	253	274
14	254	295
40	255	267
38	256	278
11	257	271
9	258	272
15	261	288
26	259	281
5	262	304
7	261	283
39	258	294
3	260	288
25	261	279
8	261	303
30	302	355
23	274	287
22	267	289
31	266	278
4	268	280
28	268	284
40	268	280
24	270	282
32	270	291
13	272	292
19	273	285
27	274	286
41	274	286
34	276	303
35	276	290
30	276	291
4	281	302
29	281	293
11	282	294
28	283	347
0	283	361
10	285	301
33	284	362
7	294	360
37	298	318
38	287	299
15	288	303
27	287	299
17	287	359
14	300	338
23	287	299
13	291	309
22	289	329
31	290	305
35	290	321
6	291	303
9	291	364
24	290	302
18	291	303
26	292	360
41	292	323
11	294	312
3	297	310
1	299	317
40	297	364
32	297	351
19	303	366
29	299	314
12	300	312
27	305	317
2	306	378
5	303	357
23	301	380
36	302	350
24	309	368
18	302	314
10	302	349
16	307	329
25	303	362
13	316	372
39	305	317
31	305	376
11	312	368
8	309	378
21	308	342
6	309	343
3	310	328
20	310	359
18	322	354
12	313	360
15	314	360
38	318	359
29	314	332
1	317	366
39	317	342
34	317	358
27	317	368
37	318	343
17	360	383
22	331	375
35	325	378
3	328	362
41	331	389
24	372	390
29	332	344
16	333	345
11	382	396
14	339	368
28	347	367
21	342	355
6	344	368
39	343	359
29	343	382
37	343	361
10	349	382
36	350	384
18	353	370
21	355	383
7	359	393
26	359	371
33	362	374
4	360	372
16	359	381
3	363	388
0	363	375
39	363	376
32	363	381
34	363	380
12	362	378
38	364	380
25	364	385
20	368	388
15	365	383
30	370	382
14	371	383
19	371	390
11	370	382
9	370	387
28	372	384
12	377	391
5	371	392
26	372	384
13	371	383
1	373	385
18	376	388
6	377	393
31	379	396
37	390	402
4	383	401
22	404	432
14	383	399
24	392	404
17	384	396
29	387	405
41	389	405
15	388	400
26	389	401
39	390	421
33	391	404
5	392	417
1	392	457
32	392	404
19	392	404
20	393	413
8	394	406
6	394	406
34	398	414
17	397	412
14	400	412
2	401	413
4	402	416
24	404	416
27	405	425
37	405	420
25	404	416
11	405	417
16	407	419
15	407	419
41	406	418
19	407	430
18	407	419
31	408	420
8	411	423
26	410	422
3	412	424
21	412	424
12	414	428
36	414	426
28	418	434
38	415	427
23	416	428
9	424	438
4	420	433
31	420	432
7	421	433
5	421	443
21	423	435
41	422	434
30	425	439
39	424	439
13	432	446
18	429	445
29	428	448
40	431	443
20	431	443
35	430	442
37	431	443
27	438	469
25	431	443
33	433	454
23	435	447
24	437	449
26	437	450
11	438	450
28	575	601
28	439	451
16	439	451
15	441	470
25	442	454
20	442	454
9	444	462
18	444	456
35	445	464
23	447	475
13	448	464
21	448	477
32	450	462
38	449	462
26	449	472
24	451	463
39	452	464
16	458	470
1	458	470
10	458	483
11	459	471
31	460	473
38	461	475
40	461	473
24	466	485
29	461	473
8	463	475
6	463	475
3	465	477
14	464	476
39	466	478
12	467	479
34	469	481
25	469	481
33	471	483
5	471	493
41	470	482
37	472	484
27	472	493
2	474	486
21	517	557
22	475	487
32	476	488
17	476	488
28	478	490
38	478	490
21	479	491
8	478	490
0	479	491
18	480	492
11	480	492
6	480	492
20	480	492
12	481	498
30	483	499
40	515	527
35	488	500
28	489	515
39	489	501
1	489	501
2	489	501
9	497	511
0	490	508
10	491	503
18	494	506
15	495	507
28	514	563
23	497	521
27	496	508
13	496	508
14	497	509
19	497	514
22	500	523
29	503	515
25	502	534
15	507	526
33	504	538
26	506	518
5	506	525
30	508	524
20	507	528
12	508	520
24	509	521
27	509	521
35	509	521
11	509	521
38	511	531
7	511	541
2	511	555
16	511	540
19	514	526
3	514	526
1	514	532
17	514	526
32	514	529
29	515	553
8	514	526
6	515	527
39	515	552
31	519	531
34	520	532
13	521	538
41	521	543
4	525	576
26	521	535
35	523	545
30	524	540
19	525	537
27	526	543
14	527	539
3	528	580
23	528	540
5	529	541
0	532	558
15	531	543
38	530	562
37	531	543
17	532	547
1	533	545
20	535	547
22	534	553
40	535	562
9	534	546
34	535	547
13	538	585
35	564	613
10	538	552
12	538	551
6	538	584
14	539	551
32	542	554
41	542	561
19	545	567
26	545	557
5	547	560
36	547	559
31	546	570
9	548	560
27	547	565
1	548	570
33	550	562
24	549	582
34	549	561
15	554	570
20	551	579
30	552	564
7	554	585
39	557	574
23	559	582
12	557	584
0	562	584
37	558	580
36	559	571
17	559	571
26	559	571
10	558	598
41	560	572
34	560	572
18	560	589
32	560	588
27	564	589
33	566	584
8	566	615
40	568	580
31	571	584
22	568	580
11	572	584
26	574	586
15	573	585
16	575	587
14	574	596
2	576	588
4	575	587
30	578	594
25	576	591
19	580	592
12	583	595
3	582	594
36	583	599
13	585	597
16	587	616
39	586	598
21	586	598
5	587	613
4	587	599
7	588	606
1	590	615
25	590	602
20	591	603
32	591	603
27	591	603
37	591	604
18	592	616
24	591	603
12	595	615
33	594	606
23	594	610
29	594	618
31	595	619
28	603	616
22	594	621
17	595	607
0	596	608
3	600	617
10	599	614
14	598	613
41	598	621
11	599	614
39	601	617
13	605	621
34	601	613
25	603	620
32	603	615
37	604	618
24	605	619
27	606	621
20	607	619
26	608	621
17	609	621