29	37	43
40	36	45
4	78	86
37	29	35
15	60	69
11	29	45
4	29	48
35	45	60
28	30	47
32	37	43
10	34	40
33	35	41
23	34	40
8	35	44
41	35	41
38	36	50
31	36	42
22	41	47
2	37	43
7	39	50
20	39	46
16	40	46
9	43	49
24	43	49
39	43	49
19	44	50
36	45	52
16	55	73
0	45	53
13	56	74
30	46	66
25	47	60
6	48	59
21	52	58
17	52	58
33	53	68
18	55	61
1	55	61
3	59	65
5	60	66
22	61	70
34	62	68
38	63	69
41	66	72
18	66	72
1	67	73
19	68	74
31	68	74
10	68	74
21	71	77
27	71	77
20	71	77
30	73	79
2	76	91
8	76	82
41	77	83
11	97	117
32	77	83
36	79	85
33	79	85
1	79	96
25	78	93
9	78	103
5	79	85
0	80	88
11	80	86
39	82	88
38	81	87
40	84	93
12	85	91
24	87	93
13	87	93
17	90	108
20	94	103
23	91	97
32	95	101
3	95	101
18	98	107
37	99	105
7	100	106
38	102	108
32	106	112
34	107	113
31	110	116
35	112	118
33	116	122
2	120	126
37	120	126
27	119	125
29	121	137
6	120	126
0	122	128
19	121	127
24	129	135
30	124	130
31	126	132
17	131	142
1	130	136
35	131	137
21	135	144
18	135	141
36	134	140
40	134	140
7	135	141
2	137	143
39	139	145
28	139	148
31	144	150
19	147	153
27	152	159
20	152	158
21	163	169
3	160	168
18	157	168
38	158	164
31	160	166
22	169	175
11	168	174
24	174	180
6	177	183
0	179	185
27	183	189
21	227	233
33	186	192
31	185	191
41	191	197
2	192	198
37	191	197
8	196	202
17	193	221
36	197	203
32	199	205
16	199	205
38	205	211
23	200	206
3	201	208
20	203	214
28	211	225
18	204	210
41	257	263
5	209	215
14	211	224
22	211	217
4	214	220
27	220	226
18	217	223
23	215	221
37	217	223
33	217	223
6	218	224
35	223	229
38	224	232
13	322	367
16	224	238
26	224	230
9	263	282
9	229	235
14	229	239
30	233	239
11	230	246
8	230	236
27	311	337
22	232	238
12	232	238
5	235	241
41	239	245
21	240	246
34	252	264
23	241	247
17	247	254
2	248	254
38	249	255
32	250	256
40	249	255
22	255	261
19	255	266
31	305	338
39	252	262
18	253	259
36	253	262
35	255	261
4	255	261
28	255	261
2	264	270
16	257	276
25	259	265
38	264	270
40	262	276
5	262	276
26	264	281
14	267	275
24	264	270
18	265	271
17	266	272
12	266	272
6	267	273
36	268	274
7	269	275
15	270	284
15	296	310
31	272	278
35	271	277
0	271	287
10	273	279
3	280	298
41	275	298
19	275	281
25	275	281
32	276	287
30	278	284
10	285	296
11	279	285
34	278	284
4	279	285
29	281	287
0	305	331
17	281	287
21	281	287
38	282	288
28	282	294
2	287	296
24	284	297
12	284	290
36	285	291
8	300	308
37	285	311
11	292	299
5	299	307
32	292	298
34	294	300
4	300	308
20	300	306
21	295	301
16	297	303
16	308	354
29	297	303
33	299	305
14	299	316
23	317	359
10	309	315
35	301	307
18	302	356
39	301	307
30	303	370
41	303	309
17	303	319
3	304	310
28	306	336
29	310	329
11	307	322
12	308	314
6	307	313
28	341	368
21	309	315
35	316	337
38	316	341
40	310	343
19	311	326
11	343	355
2	316	322
9	312	318
34	319	340
32	312	319
26	313	332
5	314	320
20	314	320
22	314	348
41	315	340
8	319	344
36	314	320
9	323	332
39	317	337
1	318	342
7	318	358
25	319	346
15	323	357
24	323	356
4	318	332
33	319	325
12	320	335
10	320	354
37	319	340
3	321	351
29	339	347
21	323	352
17	341	377
14	324	358
32	324	342
5	325	331
20	326	342
17	328	334
11	331	337
6	332	350
19	334	340
33	334	340
4	344	360
36	334	340
0	336	351
26	337	351
2	336	342
31	343	356
34	349	355
5	346	355
27	342	364
12	341	347
33	347	353
19	345	358
35	347	353
29	353	361
9	348	354
36	348	361
2	349	355
41	350	356
22	356	365
38	353	362
20	354	364
40	356	362
41	362	368
26	362	368
35	359	374
2	360	366
3	359	367
9	365	371
5	362	368
8	362	368
31	363	371
40	371	378
24	364	370
6	365	380
21	367	374
23	369	380
37	428	434
4	368	374
7	369	375
38	375	382
13	372	392
25	371	385
34	372	378
16	375	381
32	377	383
26	377	383
37	377	383
3	378	384
29	378	384
5	392	405
21	380	386
19	384	390
20	385	391
40	386	392
4	386	395
14	389	404
39	408	414
9	389	395
41	393	399
0	394	400
12	397	403
18	398	404
38	397	403
17	400	406
27	404	416
36	405	411
32	406	412
35	408	414
23	407	413
16	409	415
8	411	418
37	410	416
9	413	419
6	413	419
31	412	418
22	418	430
30	417	423
7	418	439
15	419	425
19	419	427
5	427	439
11	421	427
20	423	429
41	423	433
18	424	436
35	427	433
27	431	437
16	432	438
11	436	445
28	434	440
38	435	441
39	436	442
29	438	444
8	439	445
25	439	445
6	442	448
10	446	455
12	444	450
16	445	451
24	448	454
39	448	454
14	449	455
40	448	454
32	451	457
20	450	456
27	453	459
25	459	472
30	456	462
28	455	461
7	459	465
12	458	464
19	462	468
22	462	468
23	464	473
39	466	472
40	467	473
14	467	473
32	466	472
0	469	475
6	471	477
26	472	486
19	473	479
31	474	480
29	473	479
34	475	481
38	478	484
33	475	481
17	480	486
11	481	487
20	482	488
41	483	489
6	485	491
16	492	499
2	489	495
1	489	496
23	493	499
24	493	506
39	493	499
25	495	501
0	494	508
18	526	538
36	497	503
8	498	504
29	497	503
36	509	515
32	501	507
36	523	544
26	504	515
34	505	515
3	504	514
11	506	512
39	505	524
2	506	512
27	508	522
35	507	513
8	509	515
40	509	523
20	510	516
41	512	518
25	513	519
22	533	553
14	513	531
30	516	522
11	517	523
17	516	522
9	516	524
16	516	522
33	517	523
2	518	524
28	519	525
35	519	525
6	521	532
34	521	527
20	522	534
25	526	547
3	524	532
1	524	530
38	556	566
8	526	532
29	527	533
15	527	533
24	529	544
16	529	535
40	537	543
30	529	535
27	531	552
17	531	537
26	532	538
7	533	548
28	533	539
13	534	540
4	536	542
32	538	554
20	540	548
35	540	553
9	542	548
1	543	549
15	544	550
5	544	550
19	544	550
11	544	560
31	546	552
28	546	569
36	551	557
24	550	563
33	550	556
14	552	568
34	553	559
26	552	558
25	557	580
18	554	560
30	554	560
1	555	561
9	557	585
39	559	565
10	562	568
20	562	568
7	563	569
16	565	573
37	565	571
27	564	570
18	567	574
33	568	579
41	571	577
35	574	581
12	574	580
15	574	580
23	575	589
36	575	607
13	579	585
26	594	610
28	584	600
21	585	610
35	586	592
5	587	600
37	588	610
31	588	595
15	591	597
39	600	613
0	594	601
20	595	609
34	595	601
12	597	605
6	598	604
14	599	610
1	600	607
11	605	611
4	601	608
7	600	606
10	605	611
15	606	615
16	607	614
23	609	615