1	38	48
13	31	41
31	26	41
16	38	59
7	31	49
17	31	41
34	32	50
19	33	45
12	33	43
11	34	46
4	55	65
10	34	44
30	35	50
5	36	46
12	64	74
29	39	49
33	39	49
0	40	53
36	53	63
40	40	58
28	44	62
4	41	51
3	42	52
10	51	64
24	45	55
12	46	56
27	49	62
39	50	60
13	48	58
35	48	58
14	49	59
21	50	60
15	50	60
5	51	72
38	57	81
29	52	62
34	53	63
18	58	69
0	58	76
37	58	68
23	61	72
35	61	71
7	65	78
30	66	76
10	67	79
22	67	89
27	70	89
20	69	79
28	69	79
26	71	94
11	72	82
21	73	83
3	73	83
4	74	84
23	73	83
2	73	83
39	75	85
41	76	87
13	75	85
37	80	95
40	79	89
19	86	96
34	88	102
3	90	100
10	91	101
6	90	100
32	91	108
21	92	102
28	95	105
15	101	114
4	101	111
19	100	113
13	100	116
24	103	113
3	106	119
6	104	114
17	107	117
11	107	117
25	115	125
39	111	121
19	114	124
28	114	124
10	116	126
20	116	137
12	118	128
8	117	127
2	118	128
40	118	138
15	120	130
29	121	131
35	121	131
6	122	132
8	128	138
19	126	144
17	127	137
41	128	138
36	129	139
38	130	146
18	130	140
7	131	141
15	131	141
28	132	142
24	134	144
2	135	153
39	136	146
30	138	148
41	140	150
11	152	162
0	144	154
27	145	157
39	149	159
7	149	159
40	154	164
4	162	172
26	165	175
35	166	176
3	193	203
6	171	181
25	197	214
11	176	186
29	176	186
8	181	191
28	186	196
29	187	197
41	195	206
4	191	201
17	191	201
40	214	231
32	198	210
13	195	205
20	200	210
5	200	210
27	199	209
26	201	215
0	202	212
34	206	216
28	207	218
10	209	219
30	208	218
14	209	220
9	208	228
16	209	219
19	210	220
22	214	224
37	219	229
17	215	225
26	217	227
20	220	230
23	219	239
39	297	310
1	221	231
27	232	242
13	222	232
32	267	298
0	246	256
34	231	242
6	226	236
12	227	237
26	230	240
20	231	241
41	235	254
36	236	261
40	235	245
18	237	247
7	265	281
2	240	250
35	242	252
8	244	260
38	245	258
30	246	256
26	254	264
17	248	258
40	248	258
1	247	257
22	249	273
31	249	259
6	256	270
32	250	260
12	252	262
33	253	263
34	255	265
21	255	275
41	257	274
5	258	268
18	259	273
24	260	270
23	262	275
31	265	275
1	264	274
2	266	295
4	265	280
27	265	278
34	266	276
32	309	352
25	267	278
28	267	277
19	267	277
37	270	300
17	277	308
9	271	281
20	271	285
10	271	281
12	272	298
33	275	285
35	275	285
0	277	287
34	283	297
7	306	328
40	280	295
18	323	340
30	280	290
9	282	292
29	282	292
26	282	292
39	315	360
38	285	295
13	285	319
22	287	305
28	287	297
41	286	296
25	288	302
6	289	299
18	288	322
11	290	300
14	291	303
23	291	301
28	302	313
20	293	303
9	293	303
35	294	326
26	295	305
3	296	306
40	305	349
6	303	364
36	298	341
8	298	310
31	297	312
5	299	309
30	299	317
38	300	310
27	305	357
24	302	312
4	312	331
20	314	324
12	306	316
25	305	352
10	306	316
24	314	344
2	307	328
21	308	322
33	313	325
8	311	334
30	341	358
23	308	324
37	308	318
26	311	321
11	311	357
15	316	336
14	312	322
17	312	322
22	311	345
15	367	377
19	314	337
1	314	340
16	314	347
0	315	333
21	328	375
28	314	325
34	314	331
29	320	339
37	334	346
41	316	346
38	320	349
3	320	330
37	321	331
13	324	363
12	321	352
26	329	365
28	330	347
14	332	367
23	326	356
20	325	335
10	324	353
9	324	346
17	326	338
33	328	344
4	333	347
3	332	346
31	331	344
15	339	352
34	334	344
35	335	377
7	336	346
8	338	362
20	345	373
2	337	354
17	339	362
0	342	381
5	342	352
29	341	354
18	344	354
1	343	353
4	348	358
10	356	366
41	348	358
28	363	373
16	349	367
36	350	368
31	349	388
19	350	367
34	351	361
40	353	363
22	359	378
15	356	366
24	355	375
37	394	404
41	360	379
30	360	370
33	362	382
37	366	387
17	365	375
23	365	386
32	367	377
29	367	377
18	368	378
14	369	391
3	375	391
30	373	389
39	374	384
15	379	389
19	375	385
34	378	399
36	378	388
2	380	390
11	382	392
0	385	395
16	386	396
38	389	403
40	388	398
36	391	401
21	391	401
17	392	402
5	394	404
25	394	414
1	395	405
3	396	409
30	427	440
20	407	425
2	402	414
8	402	412
30	402	412
39	407	417
5	408	418
27	407	417
18	408	418
32	413	432
15	410	420
12	411	421
15	428	438
31	417	427
7	420	441
21	420	430
9	420	430
26	420	430
23	422	432
12	425	435
5	426	436
22	427	437
41	427	437
36	432	444
19	430	440
24	431	441
16	433	443
28	433	443
40	438	465
29	438	448
22	438	448
38	445	455
17	441	451
35	443	453
32	444	454
5	446	471
26	446	456
14	448	458
36	448	458
41	451	461
8	450	460
12	456	466
33	452	462
3	452	462
29	458	468
10	455	465
11	462	476
7	462	481
36	464	479
2	466	476
39	466	476
19	467	477
34	468	478
3	468	478
21	470	480
17	473	483
9	473	483
22	475	490
28	475	499
25	478	488
12	480	490
1	493	510
32	482	492
19	481	494
34	483	493
10	484	494
24	485	495
23	484	494
14	485	501
37	525	550
40	489	499
26	489	499
29	493	503
27	498	508
31	498	508
2	576	590
2	498	508
6	499	509
41	501	511
3	502	517
32	504	514
12	504	514
23	505	523
30	506	523
1	521	543
13	509	519
8	510	520
22	513	530
38	511	529
5	519	532
37	510	520
26	513	523
12	516	526
27	517	527
28	517	527
24	520	530
35	521	541
15	520	539
13	524	539
21	524	534
17	524	537
25	524	534
30	524	534
29	534	551
4	526	536
24	541	561
20	531	541
18	533	550
38	533	543
10	533	543
6	533	543
27	536	546
30	535	545
34	546	556
26	540	555
15	542	552
2	543	556
36	544	554
25	545	555
32	546	567
30	546	556
4	550	571
10	548	567
6	555	573
41	576	586
9	553	563
8	556	574
5	556	566
26	557	567
25	557	567
34	559	569
31	559	569
18	561	580
0	565	578
1	562	572
21	561	573
38	564	577
12	563	573
13	565	575
39	567	585
40	566	576
27	568	583
36	568	585
28	567	582
26	568	578
11	568	579
33	602	612
31	570	583
15	569	589
34	570	580
25	572	582
16	572	582
3	572	582
30	602	619
30	574	584
8	575	585
29	577	587
1	579	595
38	580	590
32	581	591
4	581	591
11	581	591
34	588	599
17	583	593
31	584	594
6	585	597
39	587	604
26	603	616
10	588	598
35	590	600
7	599	617
11	592	602
41	593	603
27	594	614
34	600	619
12	596	613
37	597	617
32	598	612
8	608	618
4	601	619
5	600	610
22	602	612
14	600	610
35	601	618
21	603	616
24	608	618
39	606	616
16	609	619
10	606	616
3	607	617