37	67	84
19	21	36
26	24	34
8	26	55
17	27	54
24	28	48
2	28	38
0	30	57
36	45	57
41	31	41
38	35	45
22	32	42
36	33	43
25	39	49
6	33	43
13	34	48
1	79	99
26	35	53
10	35	45
32	36	52
7	39	79
9	38	67
14	39	49
3	40	68
2	46	56
12	41	55
4	41	51
22	44	54
21	59	69
39	49	60
19	49	59
15	65	76
6	50	68
11	51	67
10	51	61
28	55	65
4	56	66
12	56	69
22	58	68
41	59	73
8	63	75
10	63	76
5	64	74
1	64	74
16	67	85
18	66	76
40	69	88
32	70	92
0	73	87
36	71	81
17	72	82
19	73	83
27	73	83
4	73	83
22	72	82
29	75	86
21	77	94
11	77	87
3	82	100
18	82	92
12	84	94
27	85	99
15	85	103
13	85	95
34	87	97
14	87	97
30	88	101
23	97	117
7	92	102
33	92	102
9	93	103
36	94	104
37	94	105
28	95	105
38	97	107
40	99	109
1	100	111
25	101	111
18	103	113
6	108	134
28	107	117
36	107	117
5	107	117
2	111	121
35	113	125
9	110	120
12	110	128
21	114	124
17	116	126
39	119	131
41	136	149
40	119	129
31	118	128
33	122	137
18	125	135
38	127	140
21	128	138
17	131	141
13	132	142
19	215	226
32	135	145
40	139	149
22	137	147
35	148	158
4	150	160
17	152	162
20	154	164
21	157	167
1	157	167
23	162	172
31	169	182
19	169	179
30	175	185
0	175	185
7	177	187
37	178	188
35	178	188
23	187	200
26	188	198
8	190	200
10	192	202
31	194	208
12	193	203
24	196	206
6	196	206
27	197	207
21	198	208
1	201	211
33	205	215
36	203	213
9	208	220
17	204	214
0	207	217
37	212	222
23	207	217
13	211	225
12	211	221
29	212	222
39	212	222
1	214	224
31	217	227
15	214	224
2	216	229
20	234	253
10	259	291
28	218	228
9	321	362
8	227	239
41	233	243
23	226	236
0	229	239
10	230	240
37	232	242
13	232	242
38	233	243
4	237	247
33	233	248
9	236	246
35	235	245
30	237	247
17	239	249
12	244	254
2	246	256
24	240	250
28	244	261
23	245	255
26	246	256
10	244	254
19	244	254
31	257	267
27	249	259
34	249	259
37	251	261
17	252	262
16	253	263
39	253	268
9	255	265
14	256	275
21	257	267
6	258	278
1	258	268
29	266	276
35	261	271
36	263	276
18	264	274
16	264	274
27	263	273
22	263	273
5	264	274
38	266	278
3	268	286
2	267	282
15	269	279
1	271	281
20	274	285
12	270	344
39	276	297
8	271	281
40	315	356
27	274	284
24	275	285
30	275	285
16	277	287
11	307	343
18	278	288
26	278	288
2	283	298
21	304	333
19	284	307
25	285	295
36	282	301
7	283	293
38	285	305
0	287	311
8	286	306
34	288	298
5	288	298
16	290	301
35	290	300
28	290	305
37	293	308
9	295	305
30	318	349
4	296	306
18	307	332
26	298	308
17	296	306
7	297	307
31	297	307
10	300	321
39	298	308
1	300	310
34	299	367
28	316	357
29	302	312
22	301	355
20	302	328
13	302	325
5	302	326
30	303	313
3	305	333
25	306	316
17	308	341
33	310	343
7	336	358
19	309	321
16	308	329
41	308	318
37	312	348
13	330	369
38	309	345
9	310	320
2	310	342
15	336	364
35	310	320
15	311	325
8	312	322
23	312	322
6	327	345
26	320	338
0	312	322
4	313	349
29	314	324
14	316	337
1	316	360
36	320	354
8	323	367
32	318	364
39	318	363
27	319	350
7	320	330
41	320	330
24	321	358
35	322	346
23	324	362
25	322	342
10	325	351
18	333	347
20	335	360
31	327	337
16	330	354
0	329	339
19	329	339
5	332	354
41	339	354
14	340	351
26	339	358
17	342	358
21	342	361
25	343	353
31	343	362
18	348	358
0	344	358
11	345	355
38	346	375
29	349	367
33	350	360
37	351	370
10	354	364
25	355	365
4	354	364
11	361	371
1	361	371
41	363	386
27	364	378
14	364	383
20	366	376
23	365	378
16	366	376
33	367	377
2	371	382
7	368	378
0	368	388
5	372	386
35	372	382
15	374	384
26	373	383
6	376	391
19	378	388
40	379	389
37	380	390
25	387	398
23	382	392
16	384	394
38	383	402
1	385	395
14	388	398
39	391	401
33	390	400
5	393	407
12	395	405
40	397	414
4	399	409
16	422	434
41	402	412
3	404	414
24	405	415
11	428	438
8	404	414
14	411	421
18	407	424
25	409	419
30	410	423
7	410	424
19	414	426
4	419	431
1	422	432
13	414	424
28	417	427
8	416	426
21	420	430
3	420	430
23	424	434
10	424	434
27	427	445
26	429	439
22	432	442
33	433	443
7	432	448
2	434	449
25	436	447
25	448	458
38	441	451
21	441	451
29	444	456
14	446	456
31	450	469
17	449	459
28	451	461
16	451	461
2	452	462
19	454	464
34	459	469
40	454	464
20	456	466
12	458	468
41	458	468
24	462	472
11	468	478
22	462	472
27	462	472
4	464	474
21	468	478
11	501	511
39	470	480
22	474	484
8	474	484
18	479	489
17	478	488
6	568	580
14	486	496
41	486	496
18	491	503
5	489	499
7	492	512
21	490	500
15	489	499
2	490	500
34	534	544
27	499	511
19	494	504
37	495	505
3	495	505
29	502	521
9	505	515
24	505	515
36	505	521
18	510	526
38	510	520
23	510	520
32	511	527
1	511	521
10	513	523
8	513	523
6	517	527
34	519	529
19	519	529
13	519	529
35	519	529
25	519	558
31	520	531
16	521	531
7	521	540
36	523	533
29	524	534
37	524	534
22	525	535
20	525	557
39	525	535
14	526	546
21	526	543
26	528	538
0	528	538
9	531	541
19	531	541
35	533	546
26	541	558
1	534	552
24	536	546
38	536	546
13	537	547
8	537	547
4	543	574
29	537	547
33	539	567
37	540	550
5	541	551
31	539	553
27	540	550
40	542	552
9	544	563
15	545	568
30	545	555
41	546	556
28	593	608
3	547	557
35	549	559
36	548	558
8	551	561
18	551	571
12	552	562
11	571	585
37	561	591
39	554	564
29	557	567
41	587	602
35	563	573
3	561	571
5	562	572
21	562	580
19	562	578
8	562	572
17	563	578
27	564	576
2	566	584
40	568	578
7	567	579
32	568	578
29	569	579
28	570	583
31	570	580
39	572	592
14	576	592
25	575	585
36	579	595
4	577	587
0	579	589
13	583	599
23	582	592
7	586	596
40	587	607
29	587	597
12	590	608
39	597	608
3	589	599
0	591	601
20	590	608
33	593	619
26	593	603
37	599	613
25	596	607
4	600	611
38	603	619
9	599	609
35	599	609
6	601	611
29	600	610
16	603	614
8	605	615
36	608	618
11	608	618
13	607	617
7	609	619
2	609	619