37	50	68
36	22	36
6	24	38
7	24	38
13	25	39
23	27	44
20	30	44
4	62	79
32	30	44
15	31	45
10	32	46
4	32	63
27	32	46
30	32	111
21	33	69
5	68	96
5	34	49
9	35	49
31	35	54
24	41	55
14	42	72
17	36	50
13	37	54
2	37	54
40	37	51
22	37	57
18	37	51
38	38	63
41	38	52
36	38	52
37	38	52
1	38	52
26	56	70
12	68	89
7	39	53
11	39	53
12	45	66
34	45	59
29	42	89
11	50	67
25	47	84
16	45	62
0	44	58
36	49	63
8	50	64
39	51	65
13	51	65
35	52	66
3	51	66
32	65	79
28	50	64
20	53	86
36	66	80
24	55	69
1	56	83
0	59	80
15	59	80
23	62	83
10	61	75
33	62	107
31	62	90
2	64	78
37	65	80
40	65	86
27	65	79
24	67	82
26	67	81
8	68	83
13	68	82
21	68	82
19	68	99
34	76	93
35	71	92
17	72	87
9	73	87
14	72	94
32	76	90
7	76	90
38	77	99
16	79	103
40	117	145
22	77	99
6	77	91
39	80	94
15	83	107
36	81	95
21	81	95
20	88	115
3	82	98
1	84	98
13	86	100
24	87	101
8	87	111
12	87	110
40	95	110
34	90	104
7	90	137
2	89	112
14	91	105
23	91	105
27	93	107
9	93	112
4	95	109
41	97	111
39	98	117
1	106	120
29	102	126
35	98	112
5	101	124
32	101	115
3	100	117
17	103	126
25	105	124
6	106	120
18	108	127
26	110	124
22	111	135
9	111	135
31	111	133
8	113	127
14	114	128
1	122	140
39	114	131
3	117	131
6	119	133
19	119	142
24	120	138
16	125	141
27	121	135
0	131	156
33	122	145
32	123	137
37	123	148
17	124	139
14	126	140
26	128	142
30	128	142
29	129	143
34	131	149
41	131	145
15	131	145
31	130	144
13	134	148
21	133	149
10	135	149
7	135	149
23	136	153
8	152	188
28	137	151
12	139	153
14	139	153
26	140	154
22	143	157
39	145	159
24	146	160
4	153	168
19	147	161
6	147	161
10	149	163
2	151	165
15	167	181
23	150	166
25	152	166
5	154	177
39	163	177
27	159	177
17	160	177
12	157	171
32	159	173
13	163	186
25	164	191
29	163	195
19	164	178
4	167	181
24	168	182
28	171	185
40	172	186
38	172	190
2	172	186
36	172	186
37	174	197
32	174	188
5	175	189
3	176	190
20	182	196
0	178	197
18	178	192
24	179	193
21	184	203
34	182	196
1	182	203
30	184	204
33	226	253
12	185	199
38	187	201
19	188	202
16	188	202
5	189	203
27	190	204
36	190	204
17	191	207
31	193	207
40	196	210
41	196	212
4	199	213
7	199	213
3	200	214
11	202	216
15	209	249
27	206	223
1	207	221
31	208	230
16	211	225
8	210	224
25	226	240
12	213	227
13	214	228
7	236	262
35	214	228
37	213	227
16	228	250
4	217	231
11	221	244
39	221	245
10	221	235
6	221	235
37	225	239
23	223	245
17	229	247
32	229	251
27	233	247
4	232	246
40	233	247
23	288	371
3	232	248
13	235	265
7	277	308
38	234	248
10	235	250
22	235	249
41	237	260
6	238	252
26	237	256
36	239	262
1	242	256
18	241	262
12	246	266
31	246	262
19	247	268
37	247	261
5	249	263
37	265	280
40	248	269
15	251	314
23	251	272
6	258	272
38	250	264
21	252	272
34	251	265
11	272	293
26	256	280
1	255	276
4	255	269
29	256	270
14	256	277
11	256	270
22	255	269
33	255	269
6	269	296
2	258	272
20	258	280
32	258	272
17	258	284
25	258	272
7	259	279
27	259	273
18	259	273
24	260	277
31	261	277
8	260	274
36	262	279
10	262	282
39	263	299
12	265	304
9	265	292
34	265	279
16	266	295
7	311	344
28	269	283
2	270	284
30	308	341
5	270	292
38	270	288
3	270	304
13	271	306
24	277	326
30	272	286
33	273	295
27	272	286
40	274	293
25	274	289
32	274	306
4	276	290
22	277	293
29	276	290
21	277	352
31	279	301
32	305	360
36	282	375
35	284	301
26	285	317
25	286	325
30	286	308
8	285	299
20	287	302
22	292	318
2	288	302
14	290	304
40	290	309
37	290	326
9	291	339
5	292	355
6	294	309
28	294	314
20	366	397
34	307	358
6	312	366
18	300	378
16	296	354
33	296	367
39	297	311
0	296	313
10	298	318
12	301	315
38	301	315
17	302	385
29	307	393
19	303	317
41	302	358
2	303	348
31	304	324
8	302	331
39	310	345
27	304	371
11	304	376
3	305	355
14	304	326
35	305	355
1	307	369
38	313	370
20	307	359
12	313	330
37	354	380
13	309	373
15	313	381
40	314	347
26	314	378
0	313	377
4	313	362
19	315	357
28	316	371
22	318	358
31	321	373
10	319	367
37	323	354
14	323	375
24	323	349
1	387	401
2	348	370
25	333	347
30	340	356
12	335	349
8	337	375
7	342	364
39	342	378
12	347	381
24	347	373
25	346	386
40	349	375
16	351	365
21	354	371
3	353	367
9	355	389
30	354	378
34	358	377
35	359	373
4	359	373
22	361	375
5	360	384
41	363	377
6	364	385
16	365	396
33	366	380
37	379	398
32	367	386
4	372	394
27	371	385
40	372	386
41	374	398
13	372	405
34	377	396
30	380	394
24	380	398
21	382	396
35	380	394
10	381	395
15	389	407
7	385	400
32	385	411
30	391	419
26	386	400
25	387	401
2	390	404
36	390	404
6	390	410
18	391	405
3	392	406
17	393	407
40	392	406
10	394	416
20	394	408
24	397	411
39	399	413
37	401	415
28	399	413
0	402	419
36	402	416
4	401	415
27	404	427
33	404	424
22	403	421
5	405	428
14	406	420
39	410	424
35	418	439
26	412	426
6	412	436
9	413	430
17	413	435
20	416	430
32	416	436
31	420	434
18	418	432
7	422	436
24	417	431
4	419	438
34	419	433
15	420	454
12	421	435
8	420	445
33	421	441
28	425	439
29	424	438
16	427	441
26	427	441
5	429	443
18	430	447
30	435	450
2	429	443
36	429	443
39	430	444
34	431	458
25	431	445
12	433	447
4	435	468
29	437	475
7	436	450
31	436	450
10	440	454
28	440	454
35	440	454
23	442	456
33	442	456
3	459	478
6	442	456
36	443	483
34	456	476
17	464	502
18	446	460
0	447	461
30	448	470
13	450	464
10	451	465
22	451	473
11	453	477
5	453	477
32	453	467
21	453	476
12	460	483
0	462	479
23	466	480
33	467	481
15	467	484
41	467	485
29	522	536
7	467	481
13	469	483
32	470	484
31	472	499
18	470	488
22	471	490
14	472	486
28	475	495
3	475	494
27	476	498
2	477	491
10	478	498
25	479	493
11	478	496
18	485	499
6	480	494
32	481	495
15	481	505
26	481	506
9	482	496
4	481	495
1	483	497
29	485	499
23	485	499
38	488	508
37	488	502
33	497	518
20	488	544
34	490	532
21	491	505
14	494	508
32	494	508
24	495	514
23	541	567
37	499	515
1	501	515
3	500	522
13	500	514
30	502	516
7	503	517
23	505	521
35	506	528
5	506	520
27	508	522
31	506	520
8	507	521
9	514	528
41	508	541
40	508	522
21	511	525
15	509	523
16	511	530
19	519	553
13	513	527
6	517	549
4	512	540
39	512	526
2	514	535
14	513	527
36	517	531
30	516	532
22	518	532
38	518	532
18	518	542
28	518	532
17	519	538
32	518	540
26	518	532
0	521	543
33	520	537
24	521	535
27	521	535
3	524	546
15	524	563
35	525	539
40	525	546
37	524	538
12	531	546
13	526	552
14	526	540
9	529	543
11	532	548
7	530	561
16	531	545
22	530	545
22	596	610
28	532	553
5	532	549
1	531	548
8	533	561
34	533	553
27	533	555
31	534	548
26	534	548
29	535	562
35	536	550
25	536	558
18	543	562
38	536	550
4	539	553
36	541	555
33	540	584
22	545	562
0	542	571
20	542	557
14	545	563
9	543	557
32	543	557
2	544	562
39	544	558
11	545	565
31	548	595
16	547	578
0	605	620
1	547	579
25	556	580
40	549	570
13	549	572
19	550	577
4	551	575
5	551	565
17	551	569
35	550	574
30	554	568
37	556	579
3	556	570
41	555	590
8	558	582
7	559	573
2	559	580
15	561	581
14	561	589
24	561	587
9	562	576
28	562	576
19	577	591
12	563	577
22	566	590
36	564	579
27	564	578
26	566	589
38	567	613
29	567	583
40	568	586
6	571	585
13	571	596
30	571	585
20	573	587
32	573	593
39	575	592
11	575	593
3	576	595
36	576	595
2	577	591
21	576	596
35	578	606
37	577	591
23	579	593
29	580	603
18	581	622
17	582	596
12	582	598
0	581	602
8	583	597
19	588	602
7	584	598
9	584	602
30	586	600
34	586	602
10	588	609
26	588	604
33	588	603
15	588	605
6	589	613
27	604	618
5	589	603
37	593	610
28	593	607
25	593	607
23	593	621
13	593	615
2	595	611
26	602	618
32	596	620
41	597	621
3	597	617
30	599	622
9	599	613
12	599	622
39	599	618
1	599	613
24	605	623
14	601	623
33	601	615
19	601	621
29	603	617
34	606	620
17	606	621
16	605	623
11	606	621
10	607	621
2	608	622
35	608	623