1	30	36
15	33	47
14	30	36
25	21	27
26	26	32
20	28	34
35	47	65
7	30	42
3	30	39
17	30	42
31	32	41
22	32	40
10	40	80
35	32	38
26	40	60
24	34	58
5	34	43
39	36	76
30	37	48
6	37	43
36	38	46
25	40	51
17	50	62
0	39	47
22	69	85
23	43	54
12	47	65
29	40	46
40	40	52
37	40	46
9	41	47
27	46	68
28	42	53
41	43	49
32	43	58
13	43	49
21	45	51
3	46	52
20	46	52
6	49	69
38	48	54
31	51	57
4	52	58
11	53	70
7	53	67
36	55	63
15	56	62
5	56	68
37	57	63
19	58	64
1	58	64
8	64	83
38	60	76
34	61	69
32	65	87
3	65	71
16	69	76
33	66	73
18	68	74
14	67	81
4	67	81
37	68	74
31	74	80
17	69	75
15	69	82
30	70	76
9	71	77
1	72	87
6	76	92
21	72	78
13	72	78
0	74	80
29	74	87
16	140	165
3	76	88
11	76	82
23	77	92
20	76	91
28	76	82
24	77	83
40	77	91
16	81	95
19	84	92
41	81	87
26	81	88
39	85	91
21	84	90
9	84	99
36	85	94
38	87	98
35	89	95
11	91	118
12	96	111
14	92	98
31	92	99
8	93	99
26	96	102
20	98	104
32	98	104
3	98	104
10	99	105
13	101	117
4	103	109
29	101	108
27	103	109
36	103	113
14	107	114
30	105	114
15	106	114
37	106	112
18	106	114
1	109	124
20	109	115
40	111	119
10	112	131
41	113	123
33	114	120
38	118	142
34	116	127
19	116	122
7	116	134
9	118	124
12	119	125
25	120	126
18	119	125
3	120	126
23	119	132
29	121	127
37	126	132
16	121	128
36	124	130
20	125	149
11	125	131
5	128	134
2	127	133
19	128	144
28	128	134
30	128	134
14	129	135
21	131	144
3	131	158
33	133	139
25	133	139
34	133	150
8	133	139
29	137	143
40	137	158
32	138	144
30	145	151
5	145	151
6	147	153
36	146	152
27	147	153
31	147	153
7	150	156
13	150	156
15	152	158
26	154	166
28	157	202
20	160	166
1	160	166
21	162	176
32	162	168
25	162	168
14	176	182
13	164	170
7	164	170
29	165	188
6	164	170
9	166	172
22	168	174
8	169	185
10	169	175
15	172	182
37	174	180
23	177	193
24	177	183
35	180	188
6	178	184
34	179	185
3	180	186
41	194	205
1	180	186
40	182	188
26	186	192
5	183	198
7	183	189
13	184	190
20	186	200
27	186	192
32	187	205
21	187	202
25	188	194
30	187	196
10	190	206
8	191	197
38	194	200
17	194	205
31	194	200
16	195	201
7	196	212
9	195	213
6	196	202
18	198	204
29	199	205
40	201	207
39	201	207
1	202	226
35	205	211
13	209	237
11	206	216
34	241	264
34	208	214
6	207	213
16	214	225
8	216	228
5	213	219
31	214	220
15	221	229
14	219	225
25	218	227
37	221	234
30	258	293
39	239	255
4	227	233
29	229	235
17	230	236
9	232	238
31	234	244
32	232	248
16	233	250
23	233	314
11	235	243
21	235	241
7	237	244
38	238	244
35	240	252
26	239	245
13	244	250
12	239	245
24	241	247
6	243	249
14	245	251
28	242	261
19	244	250
3	243	249
33	244	250
9	252	260
17	245	251
14	256	268
4	249	255
18	249	256
17	256	266
36	250	271
15	251	257
9	267	288
29	252	299
24	252	265
12	251	257
11	253	259
10	252	258
3	254	286
20	254	260
1	253	271
41	253	259
27	255	261
22	256	262
32	255	261
5	255	268
4	270	287
6	256	269
19	259	265
0	260	275
31	260	266
35	261	273
25	261	267
16	263	269
4	294	355
10	264	270
2	266	272
39	266	288
13	265	271
20	267	287
11	267	273
26	266	280
40	266	276
7	266	277
37	267	275
27	271	376
34	271	284
28	271	291
33	270	276
12	309	368
41	273	279
14	274	281
39	304	347
21	276	282
12	278	284
32	277	289
25	278	284
5	279	285
6	278	284
16	279	370
14	294	306
15	281	287
35	282	298
10	283	290
8	282	288
17	284	324
41	284	290
33	287	356
41	302	350
8	294	357
19	288	310
40	289	295
22	289	324
9	295	383
6	290	296
34	292	369
1	292	359
0	419	444
28	298	308
0	292	311
20	294	301
11	293	299
39	293	299
10	295	331
5	294	352
38	298	304
35	311	363
31	303	388
25	300	348
30	301	382
26	300	354
38	312	374
21	304	361
18	304	363
37	306	317
24	304	350
6	305	320
28	313	337
15	308	365
40	312	370
11	309	315
29	312	384
32	309	338
3	311	363
7	315	354
2	313	363
14	317	341
36	314	354
23	319	356
20	314	377
19	315	354
13	317	323
37	322	354
11	322	345
0	323	367
6	327	342
17	330	358
10	336	365
22	335	359
13	340	346
28	346	358
14	346	366
11	351	368
32	351	362
25	355	370
39	355	364
41	355	362
13	356	378
6	356	362
24	361	368
8	363	377
41	369	380
9	388	397
7	361	367
5	362	368
37	361	369
23	364	374
35	368	383
36	368	382
4	371	377
10	371	377
19	372	378
22	371	377
15	373	379
5	374	380
34	374	380
11	374	382
7	375	404
18	376	392
25	377	390
14	377	387
1	377	383
23	379	385
6	379	391
16	380	386
26	383	389
8	389	395
5	387	397
39	388	403
17	394	409
29	390	396
4	391	405
33	391	412
15	394	400
36	393	399
38	394	400
20	395	401
12	396	402
32	396	403
35	398	410
25	398	404
34	420	426
0	449	459
26	427	437
6	400	417
0	404	410
29	404	411
13	404	410
31	404	410
21	404	410
14	404	410
24	406	417
27	407	413
15	407	413
5	408	416
16	411	417
13	415	432
35	417	423
7	417	423
8	417	453
17	421	432
25	418	424
23	420	426
15	420	426
32	420	426
37	429	446
4	421	427
38	421	427
34	465	483
36	423	429
10	422	428
1	422	428
21	424	430
24	425	434
29	431	437
22	424	439
28	425	433
40	424	430
19	464	479
2	426	437
26	461	470
12	429	435
29	456	488
27	432	447
5	432	441
39	434	448
15	434	443
7	434	440
36	437	443
32	437	443
18	436	442
35	441	448
13	437	460
34	439	453
12	440	452
20	441	447
4	441	460
3	443	449
28	444	453
41	444	459
30	444	450
31	452	458
21	445	457
19	450	456
32	453	459
15	452	458
37	454	465
1	453	459
22	456	462
17	455	461
5	455	461
40	456	462
6	458	464
20	461	472
2	460	466
11	462	468
39	462	468
31	463	469
33	464	470
1	464	473
23	498	508
36	465	471
18	466	474
23	466	472
0	468	484
12	470	479
25	471	477
14	472	489
4	472	478
22	472	478
41	473	479
9	474	480
32	473	479
40	476	492
38	476	482
2	477	493
21	513	538
35	479	485
1	481	501
39	482	488
33	481	492
18	481	487
5	489	495
32	492	507
23	485	491
9	485	491
30	485	497
20	486	492
21	489	495
19	489	496
41	488	501
10	489	499
7	490	496
13	490	496
15	494	500
28	493	499
35	495	501
37	495	501
11	496	512
4	497	503
9	499	515
20	500	506
33	501	518
29	500	506
22	501	507
26	502	508
24	503	509
31	503	509
8	506	512
36	507	513
2	507	514
8	517	523
14	510	554
15	509	519
27	511	517
41	513	527
3	511	517
6	513	529
23	513	522
26	514	524
7	514	520
38	513	526
13	555	569
34	515	534
10	515	527
18	514	523
5	516	522
1	516	522
11	520	526
35	517	523
25	519	525
31	518	524
22	518	531
30	519	525
4	521	529
13	521	527
40	522	537
36	522	542
9	522	528
0	522	540
19	524	533
15	524	533
8	530	554
33	523	533
24	524	534
12	553	578
17	524	576
39	525	531
23	527	533
5	529	557
32	588	610
20	530	566
35	529	535
1	529	564
25	530	536
39	537	544
22	538	544
11	531	540
29	531	537
11	547	588
18	530	541
17	606	615
13	535	541
37	535	542
16	536	544
26	536	542
6	536	547
30	536	549
41	536	551
27	536	547
15	538	554
28	539	546
33	541	552
34	540	557
3	541	571
2	541	547
35	541	547
25	542	550
2	575	585
40	544	550
34	577	587
19	545	570
29	545	551
21	546	562
0	547	554
24	545	551
32	547	556
18	548	583
36	547	553
16	549	570
9	551	557
23	550	560
7	552	563
28	553	559
6	555	570
14	560	571
30	556	562
39	599	608
39	558	567
35	557	573
4	559	565
40	560	566
41	559	580
33	561	567
29	560	566
32	562	583
0	561	567
38	563	583
8	564	573
34	564	570
12	593	604
36	565	571
10	566	572
22	566	578
30	567	576
6	593	615
33	572	578
24	573	579
0	573	579
31	574	580
1	574	580
26	573	579
3	596	615
20	576	596
29	575	581
25	577	589
23	577	611
28	576	582
10	577	603
16	577	583
40	578	590
4	586	592
13	579	585
36	581	596
3	582	588
19	583	609
39	583	589
35	582	588
26	584	602
9	586	604
17	586	597
14	586	592
29	586	593
5	586	592
38	589	595
31	592	600
33	591	597
13	591	597
30	591	597
27	592	598
7	595	601
21	597	609
18	597	603
15	598	613
37	599	608
41	599	605
34	599	606
8	599	606
22	601	614
20	602	611
14	604	615
36	602	611
0	604	610
11	605	611
33	605	611
31	606	612
26	608	614
40	609	615
24	608	614
38	609	615