39	52	58
2	24	30
39	28	40
32	44	55
22	30	36
17	31	37
20	32	40
19	32	38
32	32	38
3	33	42
15	34	44
29	34	40
34	41	58
24	37	53
33	39	45
4	38	44
30	38	44
37	40	46
16	40	46
27	45	52
28	43	49
2	44	50
13	44	50
25	45	51
40	46	54
26	47	62
23	48	59
35	48	54
25	56	62
21	50	57
17	51	57
16	53	59
0	53	59
4	53	62
37	53	59
36	53	59
9	55	70
15	61	68
2	59	68
8	59	65
39	63	69
14	62	68
3	64	70
38	64	70
24	63	69
7	63	69
33	65	88
27	65	71
5	68	74
11	68	74
40	68	74
6	69	75
21	70	77
23	69	76
12	86	98
29	72	78
17	73	89
18	74	80
24	76	82
41	75	81
35	75	82
7	76	82
2	76	82
14	78	84
10	88	98
37	79	85
36	84	100
6	84	97
27	86	92
16	85	91
32	87	93
22	90	96
38	90	96
24	93	101
3	94	100
30	95	101
15	103	119
13	99	112
8	100	106
0	100	106
11	101	107
22	102	112
5	103	109
30	107	113
38	115	125
40	108	114
10	112	118
3	113	119
14	115	121
37	118	124
8	120	126
28	120	126
27	123	129
20	125	131
10	124	130
16	127	133
7	128	134
36	129	135
32	134	140
38	135	150
35	137	143
37	141	147
14	142	148
25	143	154
1	144	150
34	143	151
21	151	157
7	153	159
4	154	160
0	154	160
19	155	161
36	159	165
1	161	167
23	161	176
28	162	168
15	166	172
17	167	173
8	178	184
12	186	192
25	186	192
31	188	194
13	191	206
3	192	198
15	198	205
36	194	200
41	194	200
20	199	205
14	200	215
17	206	212
29	203	209
31	204	210
5	237	243
24	208	214
1	209	215
25	208	214
7	208	214
9	209	215
5	211	217
23	217	234
11	218	224
23	281	292
32	220	228
41	233	239
8	224	230
18	225	239
37	226	232
1	229	235
28	233	241
30	233	239
39	238	244
38	237	243
32	242	248
40	242	255
27	242	248
36	243	249
8	244	250
22	246	252
34	245	251
16	245	251
26	247	253
40	266	278
33	251	271
41	253	259
3	251	257
10	257	265
31	255	261
9	255	261
39	256	262
4	258	270
29	257	263
37	276	285
17	259	265
34	259	273
19	261	267
12	262	268
23	263	274
21	263	269
11	268	274
40	300	324
27	267	273
16	268	274
6	268	282
0	267	283
18	269	275
3	269	275
24	269	295
41	271	291
17	271	277
31	275	283
33	278	324
2	274	287
12	277	283
10	279	285
1	280	286
15	280	286
32	279	285
29	313	338
35	280	286
18	281	301
17	284	293
38	284	290
21	285	303
25	317	357
40	286	292
36	293	301
6	287	296
22	286	292
19	294	300
11	288	297
8	289	295
28	329	351
28	290	315
1	291	297
0	291	297
39	291	297
26	293	299
9	292	298
37	293	356
16	295	335
29	296	302
14	296	303
38	298	321
10	307	337
7	297	303
35	298	304
41	299	307
32	299	312
31	299	305
5	304	357
20	301	313
27	308	353
25	301	307
8	301	307
17	308	323
0	304	316
34	309	324
15	304	345
24	307	318
8	326	345
13	308	339
36	309	325
35	309	326
22	315	323
39	312	336
6	311	317
11	312	367
19	312	338
30	313	360
12	313	332
18	315	321
21	315	361
2	316	344
24	323	350
26	318	337
32	317	329
14	318	337
1	318	341
6	326	355
23	318	324
9	319	325
4	319	339
0	326	346
20	328	350
18	331	347
7	326	360
3	324	345
40	330	348
41	327	345
23	329	339
36	330	342
5	393	399
9	330	336
33	331	338
22	333	339
32	335	341
35	335	341
34	338	344
17	338	347
29	344	359
12	340	346
16	341	376
38	343	349
10	343	349
4	344	352
26	343	351
33	354	367
19	344	350
9	344	353
22	350	374
32	347	355
1	348	358
8	354	360
31	351	357
17	352	358
36	354	364
10	355	392
39	355	369
14	357	363
38	358	364
2	358	364
40	359	372
20	358	366
15	358	364
37	362	368
25	363	371
28	364	370
29	364	370
17	363	376
5	369	378
35	366	372
12	367	373
3	368	375
15	370	377
7	379	385
1	380	386
39	375	382
20	377	383
18	380	392
0	380	386
4	383	393
16	386	392
29	381	387
16	409	415
25	390	398
9	384	390
15	386	392
13	386	393
33	388	394
6	389	395
22	389	395
11	391	399
7	394	400
27	395	401
23	396	406
15	397	403
14	398	404
5	407	413
3	434	440
29	402	408
36	401	407
6	403	409
4	403	415
10	405	411
21	404	417
2	410	416
18	412	418
22	412	418
12	415	422
20	416	431
34	416	422
8	416	422
27	417	423
10	430	436
4	422	437
35	425	431
29	425	431
32	427	433
38	429	435
16	431	442
15	432	438
34	432	438
31	434	440
0	435	444
41	438	444
2	442	452
18	442	448
21	444	450
24	446	452
39	445	451
23	455	469
8	460	471
14	450	456
34	449	462
26	451	463
0	455	471
36	460	467
9	458	464
19	461	467
40	465	471
7	461	470
39	462	481
29	462	468
37	462	468
10	464	470
21	467	473
4	469	475
5	469	475
38	470	476
19	474	486
36	477	483
37	478	484
35	477	483
3	477	483
21	478	487
15	480	494
34	485	505
0	484	490
14	486	492
27	488	494
23	489	495
40	491	502
26	494	500
0	499	505
4	500	506
33	525	575
9	499	515
21	501	513
6	501	507
27	509	515
18	505	511
32	507	513
37	528	534
3	511	520
22	512	518
40	517	524
2	514	520
7	516	522
17	517	523
0	516	522
23	520	529
13	518	526
6	521	549
35	520	526
36	521	530
10	522	528
26	522	528
32	522	536
1	524	530
14	524	530
28	525	531
30	526	532
19	527	533
2	527	533
15	536	551
26	565	582
31	530	546
18	532	538
41	531	537
11	532	538
29	534	540
35	534	543
36	535	541
16	536	552
20	536	542
8	536	542
7	535	565
17	536	552
0	540	546
10	544	558
27	544	550
9	546	554
25	547	553
24	547	553
36	549	555
14	550	561
19	549	555
2	550	556
1	552	558
24	558	564
39	555	561
4	555	561
35	556	569
23	555	561
0	558	564
9	559	565
17	562	568
5	561	567
21	562	568
12	564	574
22	566	572
6	596	613
31	567	573
34	569	575
11	568	574
0	570	576
16	572	578
5	573	579
10	573	579
14	574	580
21	576	582
20	576	582
17	577	583
18	577	583
28	579	594
9	581	590
6	581	587
15	581	587
3	583	589
41	585	591
2	586	592
23	586	592
29	587	593
16	590	602
33	590	599
22	590	609
31	591	599
28	599	615
30	593	599
15	592	598
13	595	601
25	595	604
10	596	609
34	596	602
5	602	610
32	597	603
1	598	604
3	601	607
39	601	607
41	603	609
14	603	609
33	604	610
15	604	610
11	605	611
26	605	612
29	606	612
18	607	613