12	40	63
9	20	34
0	24	40
17	23	49
4	27	41
19	29	45
2	31	60
10	34	48
23	36	50
24	38	54
21	38	55
25	39	54
40	39	53
39	40	54
36	40	54
13	40	54
9	41	55
22	41	55
31	41	65
39	51	80
8	42	56
28	42	57
6	42	61
4	43	57
37	44	59
15	44	66
36	55	75
35	47	61
38	60	74
23	52	66
25	51	65
7	52	69
19	60	77
5	54	68
18	56	73
34	56	70
14	56	70
16	57	74
27	58	72
17	59	73
41	62	101
13	62	76
3	70	85
32	66	80
23	66	93
6	67	81
35	68	82
26	68	82
30	67	81
24	68	82
28	71	98
22	71	85
31	71	85
14	71	87
5	72	87
10	79	93
2	73	97
11	75	95
36	78	101
37	80	101
16	80	96
20	81	104
26	84	98
32	85	99
3	87	101
18	88	102
29	88	102
30	91	105
17	90	104
24	94	108
26	96	110
23	96	120
9	100	114
3	100	114
41	101	115
6	103	117
21	103	117
1	104	118
30	108	123
4	109	123
16	110	125
24	111	125
14	111	125
15	115	129
41	114	135
40	120	134
12	121	135
27	122	136
30	122	136
3	124	138
16	123	137
17	124	138
28	128	142
4	128	146
6	132	146
17	135	149
1	136	150
7	139	153
15	139	153
6	147	161
1	148	162
32	149	163
26	150	169
18	152	166
37	155	169
2	157	171
15	159	173
11	161	175
1	162	176
25	170	188
10	165	179
8	167	182
29	171	185
19	173	187
40	176	191
24	182	196
16	182	196
22	182	196
19	187	201
12	188	202
41	195	209
2	195	209
11	199	213
30	199	213
4	201	217
29	200	214
28	207	221
21	203	217
33	203	217
31	205	219
35	205	219
37	214	228
6	205	219
32	205	219
13	206	220
39	207	221
13	250	264
36	212	226
14	213	227
8	214	228
6	217	231
10	218	232
30	218	232
32	219	233
31	240	263
40	222	236
9	222	236
12	223	237
0	224	243
17	224	261
7	225	239
18	224	238
5	227	245
8	228	245
32	231	245
24	232	246
37	233	247
41	234	248
27	242	256
6	236	250
30	237	257
25	244	262
5	244	258
22	250	285
28	247	261
26	248	262
14	248	262
7	275	303
23	253	267
18	256	271
6	252	266
8	254	272
7	254	268
12	255	269
11	260	274
28	261	280
19	260	274
9	262	282
24	262	287
10	263	277
36	263	277
0	266	280
23	335	367
31	265	279
4	268	290
16	269	283
20	271	285
23	271	285
30	271	285
13	275	293
10	277	294
11	271	285
21	271	285
41	272	286
33	272	286
2	282	313
8	276	302
5	275	289
27	305	319
36	277	291
28	278	292
18	280	297
34	278	292
23	282	296
15	281	295
33	283	306
26	284	299
37	284	298
4	311	352
17	286	309
35	287	304
29	287	301
14	289	303
39	321	346
9	313	327
12	290	311
3	290	304
25	293	335
21	293	317
30	292	316
34	292	306
20	296	335
10	293	307
28	295	313
24	295	320
29	307	336
39	296	314
9	327	342
19	296	310
32	296	310
41	298	312
16	299	313
0	299	313
13	301	315
31	305	343
38	305	351
5	303	317
7	306	334
8	322	370
36	322	336
14	306	320
33	307	324
34	307	350
37	307	323
23	315	335
28	313	356
6	309	324
26	310	360
0	311	336
11	311	340
8	311	325
22	312	369
35	313	347
41	311	353
30	313	339
14	317	341
19	315	345
15	315	329
32	315	372
18	319	343
21	316	337
16	318	334
37	321	358
12	327	349
2	322	344
3	323	370
5	322	352
1	324	384
24	323	358
10	326	357
27	326	342
25	332	370
15	328	342
17	328	362
33	330	344
7	338	359
16	333	351
20	334	348
13	332	357
0	335	358
29	335	363
21	337	351
14	338	352
39	343	358
36	340	389
40	341	355
27	345	362
11	343	357
33	342	382
16	348	379
12	347	371
6	347	361
2	346	360
15	348	368
5	349	373
34	350	377
14	352	366
41	351	365
30	353	373
9	352	366
24	359	374
19	355	369
4	355	369
36	400	429
28	360	374
11	360	380
27	360	390
21	362	376
2	361	376
37	363	377
41	366	380
20	366	389
23	367	381
9	368	382
12	369	383
17	372	396
31	372	386
15	371	385
4	377	391
24	375	389
10	376	393
34	377	396
8	413	428
15	382	396
29	381	400
21	385	402
3	386	400
19	391	405
27	406	425
28	388	402
14	390	404
15	397	411
9	393	407
33	394	408
26	395	409
10	398	424
6	400	417
20	397	411
41	396	410
35	399	415
0	399	413
8	400	414
16	402	416
23	402	416
24	404	418
13	407	421
3	406	423
32	408	422
25	408	422
20	409	423
33	420	437
9	412	429
1	411	425
31	413	436
19	412	426
37	414	428
38	415	429
23	418	432
5	419	433
25	424	438
17	424	438
40	425	439
31	478	502
21	427	441
23	430	444
7	428	442
30	429	452
35	429	443
8	431	445
31	435	459
38	431	445
9	431	453
3	434	448
0	435	449
15	437	451
32	439	453
5	439	453
40	439	453
12	440	468
4	441	455
33	442	456
13	443	457
16	444	458
6	444	458
10	447	461
29	452	478
30	453	471
28	451	465
36	452	466
18	453	467
32	455	469
33	454	468
0	455	469
13	455	475
1	457	471
16	460	474
23	461	475
11	462	476
39	463	477
12	468	482
15	467	481
19	468	482
27	468	491
36	473	487
21	473	487
33	475	489
20	525	539
36	517	539
7	481	495
6	483	497
30	519	537
18	483	497
30	485	499
29	487	501
16	489	506
26	488	502
2	490	504
14	494	511
27	492	506
32	493	507
20	493	507
36	495	509
15	496	510
4	503	517
23	502	516
30	503	517
27	505	522
17	504	518
8	507	537
25	506	520
2	507	521
12	516	534
9	512	527
22	510	536
6	511	527
37	513	527
19	515	529
29	514	528
5	517	531
24	518	532
25	520	534
0	522	536
3	520	539
38	521	535
31	523	567
9	524	538
19	527	550
21	525	539
26	526	540
6	526	540
4	528	543
14	528	542
41	534	548
28	530	556
24	531	556
11	533	547
18	537	556
33	565	589
15	535	549
9	538	577
39	542	558
35	539	555
10	541	555
20	543	557
27	550	566
17	543	557
25	544	558
22	546	560
36	547	561
12	546	560
19	548	562
41	548	563
2	548	576
37	548	571
7	548	562
1	550	571
5	551	575
33	552	566
17	558	574
23	556	570
35	556	570
16	556	570
32	556	580
24	558	572
6	561	576
13	561	582
25	561	575
19	562	576
0	563	577
15	564	583
21	564	586
11	566	588
23	568	587
34	568	586
29	569	583
10	569	583
9	575	589
31	572	596
24	573	587
18	573	587
20	572	586
36	573	587
41	573	591
12	576	590
40	576	590
4	578	592
14	577	591
22	578	592
3	580	594
26	579	593
16	582	596
15	583	600
28	584	620
33	587	604
21	584	607
9	594	618
27	587	601
20	589	618
19	588	602
30	590	604
25	595	610
0	592	618
35	594	608
17	596	615
1	596	610
41	597	611
26	596	610
13	598	623
7	597	612
16	598	613
36	598	612
3	599	622
40	600	618
38	600	614
19	600	622
23	609	623
4	605	619
34	605	619
18	604	618
32	606	620
24	606	620
8	607	621
26	608	622
5	608	622
11	609	623