26	64	76
29	35	61
9	33	45
0	38	55
10	30	44
0	22	34
15	26	38
28	26	47
18	29	46
6	31	43
2	37	56
19	33	58
3	38	54
34	35	55
23	35	47
31	38	51
7	45	81
37	39	62
16	40	52
5	40	52
4	42	64
8	57	69
27	44	59
39	45	71
38	46	59
1	45	57
12	47	59
11	49	61
21	50	62
18	50	62
10	51	68
2	56	68
33	53	65
16	58	71
13	53	69
41	53	65
22	57	77
34	58	74
35	58	77
25	62	75
19	66	78
32	64	76
21	65	77
12	67	80
20	66	78
3	68	88
31	70	82
0	72	84
38	73	87
30	75	87
25	75	87
13	77	89
20	77	89
21	78	90
15	78	103
8	98	128
32	81	108
12	82	94
31	84	96
40	84	98
35	84	97
9	85	97
26	87	99
37	89	101
2	91	103
16	103	115
33	91	103
0	92	104
3	95	113
24	94	112
21	100	112
15	104	116
17	104	124
27	108	129
30	106	118
26	108	120
38	111	123
21	113	125
28	114	126
16	114	126
32	121	133
34	119	131
40	121	133
38	122	134
20	124	140
23	124	136
9	130	142
37	124	144
22	136	158
0	248	266
5	129	144
11	130	142
34	132	144
17	133	145
15	141	156
8	138	150
29	142	159
34	145	157
37	147	172
36	151	163
25	154	166
35	155	167
19	186	205
27	164	180
21	165	177
9	175	187
28	170	182
29	170	199
17	173	185
11	183	201
6	176	188
7	181	195
39	178	190
17	184	200
8	186	198
1	227	241
41	194	206
28	196	208
15	197	209
18	205	217
23	197	209
13	201	213
12	201	213
34	223	235
7	205	220
3	206	218
37	206	218
5	207	219
19	207	219
39	208	220
26	210	228
27	211	228
23	212	224
10	214	237
37	220	242
0	215	227
6	304	333
7	220	234
11	223	235
12	220	232
33	280	310
15	222	234
19	229	242
31	222	234
14	222	234
9	223	235
5	224	236
20	225	237
25	228	240
41	230	242
21	231	243
16	233	245
2	233	245
14	235	252
21	242	259
4	234	251
3	234	246
5	238	250
32	246	264
7	239	251
27	241	253
5	256	277
33	243	277
2	245	257
41	247	259
16	248	263
29	249	261
31	250	262
25	250	262
37	250	262
3	301	345
30	254	266
6	253	274
10	260	274
14	261	273
40	262	285
38	262	284
11	275	300
35	263	275
41	264	286
34	265	277
4	265	277
23	265	277
37	266	291
2	269	292
34	294	363
17	269	281
18	273	290
15	273	285
12	269	281
1	270	282
35	274	286
39	274	286
36	275	299
24	317	360
31	277	289
24	286	311
20	276	288
23	277	297
21	277	294
30	278	290
16	288	310
38	283	299
12	285	297
29	291	321
41	286	323
25	286	326
20	306	369
1	288	315
22	289	310
15	310	365
37	291	303
32	292	304
30	304	346
19	293	305
18	309	344
7	297	310
2	302	354
18	297	309
36	298	310
17	297	309
39	297	309
38	298	317
14	300	315
0	300	312
23	304	316
35	302	321
11	303	348
5	307	323
27	302	364
10	303	367
37	304	350
31	304	337
8	304	335
28	306	359
21	307	332
13	305	317
32	307	319
12	308	371
4	308	323
40	309	331
36	311	382
17	309	344
16	312	359
26	313	347
0	312	324
39	313	336
19	312	325
23	316	351
9	315	338
14	319	341
33	317	332
13	318	349
1	319	332
7	320	352
35	320	336
38	323	341
5	328	353
41	323	346
32	324	341
4	328	340
21	333	345
29	328	340
0	330	363
19	330	342
25	330	353
33	333	362
1	333	355
4	339	376
35	335	364
22	335	347
6	335	372
39	339	366
9	340	359
40	341	353
31	351	371
32	343	364
17	343	370
30	347	359
26	347	359
19	347	359
11	348	361
14	352	374
8	347	368
37	350	371
23	354	372
29	354	380
41	354	366
38	354	366
13	354	372
21	359	373
22	357	369
38	388	403
18	361	381
5	362	374
25	363	375
7	363	379
2	362	374
34	364	383
35	363	375
24	367	387
11	367	384
8	367	379
20	368	390
15	373	385
2	373	385
26	372	384
5	374	386
4	378	398
7	378	390
13	379	391
37	379	391
17	380	392
21	392	407
23	382	397
6	385	407
39	384	396
33	387	399
9	395	407
11	389	401
24	390	402
22	399	411
8	394	406
13	395	407
39	396	408
5	406	425
41	412	425
9	406	418
25	406	418
36	405	417
39	409	421
7	411	423
22	428	440
17	412	435
26	411	423
21	415	441
34	417	429
6	417	429
13	420	432
7	426	441
36	421	450
26	422	434
8	422	443
28	422	434
23	429	441
33	426	438
6	428	440
34	428	445
24	429	441
5	431	443
32	432	451
29	435	447
26	437	458
30	441	453
5	442	454
13	446	458
23	448	460
17	448	460
40	450	462
20	455	468
15	462	482
33	453	465
39	454	466
25	455	469
41	460	475
5	467	483
38	461	473
18	461	473
17	462	474
27	468	480
2	504	522
39	469	481
7	470	496
12	470	482
10	472	484
14	475	491
9	474	486
16	475	517
2	479	491
28	477	489
21	476	488
22	479	500
18	482	496
11	481	493
17	483	495
20	484	496
5	486	498
13	485	497
4	489	501
24	491	513
33	491	503
9	492	507
34	495	507
32	497	522
40	498	510
39	499	511
26	501	513
5	501	513
11	505	525
27	503	515
28	504	516
41	507	519
18	509	522
22	509	521
3	509	521
4	510	522
15	512	524
37	511	523
14	514	529
9	515	527
7	515	533
31	516	530
19	517	529
8	518	549
1	523	535
23	520	532
28	520	532
16	519	540
20	519	531
30	521	533
6	521	533
35	521	538
18	523	535
2	524	536
15	532	559
41	525	543
36	525	546
33	524	538
11	526	541
3	527	539
14	528	540
29	532	544
32	555	572
39	567	595
20	531	561
10	533	545
32	534	546
1	534	546
18	534	546
13	535	547
37	538	550
35	538	550
33	540	552
24	540	552
12	541	557
34	541	555
30	542	566
6	543	555
23	544	556
2	546	566
10	546	561
25	549	561
7	551	563
16	551	565
8	552	564
21	553	565
22	552	564
37	556	570
11	557	569
0	559	589
27	559	571
12	560	572
29	561	579
15	561	585
8	563	584
23	563	575
19	564	576
4	564	576
38	563	575
5	565	577
24	564	576
30	600	615
34	566	587
36	565	577
28	567	579
33	566	578
11	573	587
22	572	584
17	574	586
3	575	587
10	575	599
6	574	586
26	575	593
7	576	588
8	585	597
28	579	610
16	579	591
33	597	620
6	587	599
5	587	599
3	587	599
40	589	607
0	594	619
30	589	601
7	591	610
32	592	604
17	592	604
2	591	603
23	592	604
29	592	604
19	597	617
37	592	604
36	599	620
26	595	607
8	597	619
31	596	608
34	596	608
16	596	608
24	599	612
13	600	612
21	602	614
37	604	620
29	604	616
6	605	617
16	608	621
10	606	618
27	606	618
35	605	617
26	606	619
12	609	621
25	608	620