32	57	74
15	36	49
8	34	42
22	32	52
1	24	32
28	22	30
12	31	51
24	24	41
41	25	33
18	27	35
0	27	35
34	28	74
40	33	41
29	48	71
31	34	45
36	34	53
9	35	57
5	35	53
19	37	47
14	37	45
27	37	55
26	37	59
13	39	47
28	40	75
25	42	50
8	94	110
41	43	66
1	43	61
6	43	51
37	44	56
11	46	60
38	46	57
23	48	74
40	48	72
21	49	57
17	50	71
20	50	64
25	54	66
4	51	67
7	54	74
12	56	87
8	54	68
18	54	64
19	54	62
15	55	63
30	56	77
22	56	64
31	96	106
3	57	67
10	57	77
16	59	81
26	63	79
13	101	109
25	70	93
31	61	79
37	62	70
39	63	88
38	65	111
27	65	76
33	82	91
5	67	75
33	68	76
19	68	76
15	68	86
21	69	98
6	70	78
4	72	80
2	71	96
24	73	86
22	73	81
1	74	87
11	75	86
40	76	88
9	76	92
8	77	86
26	84	104
19	102	116
23	112	122
37	78	86
36	78	86
20	79	110
19	79	87
28	81	90
7	104	118
10	80	95
36	104	120
41	81	96
27	82	92
31	84	92
27	106	114
7	84	92
4	83	91
18	83	91
32	85	101
3	86	107
17	86	94
30	85	93
0	87	95
16	86	114
23	88	96
6	88	100
35	92	113
34	91	99
12	92	100
39	93	101
33	94	102
29	97	109
22	94	102
15	100	108
30	96	104
28	96	110
10	99	107
41	99	107
23	100	108
24	102	110
25	116	132
30	107	126
14	113	132
3	110	130
32	107	115
12	107	115
37	110	118
2	108	116
5	110	121
26	112	120
0	113	121
6	114	122
40	114	130
9	116	124
33	117	125
20	116	124
31	118	128
2	122	134
24	119	127
12	118	134
32	119	127
18	125	147
39	121	129
17	126	134
4	126	134
41	126	136
21	128	136
23	128	140
32	131	139
1	133	141
13	134	142
38	135	147
35	135	148
24	137	145
21	148	156
2	139	147
39	179	195
15	141	159
4	138	146
9	145	164
22	147	160
36	147	156
12	144	162
14	143	151
1	144	152
32	146	154
39	148	166
34	148	158
3	152	160
17	153	169
5	161	177
10	154	162
40	155	169
32	168	193
26	155	163
23	157	165
31	157	165
18	158	166
27	158	179
6	170	185
38	161	175
24	160	183
2	162	177
3	163	171
4	167	175
14	164	196
21	164	172
33	163	175
13	168	180
25	163	180
7	163	171
25	190	200
23	168	176
28	173	193
34	172	190
0	176	188
19	180	200
36	189	200
37	181	189
20	184	192
30	185	193
29	186	194
32	253	262
17	194	202
5	196	209
1	196	204
15	198	206
24	198	215
0	197	205
4	198	215
28	199	207
18	200	208
18	257	290
32	201	209
31	200	208
21	203	211
14	223	231
36	205	216
14	208	216
22	208	227
1	211	221
19	209	217
10	209	220
3	209	217
40	214	228
25	210	218
31	211	219
20	215	240
11	216	224
2	215	223
16	219	227
15	219	227
19	220	228
28	220	228
4	222	230
27	233	241
6	223	242
3	223	231
3	250	258
32	225	233
8	227	235
41	228	236
12	235	243
2	228	243
1	230	250
31	230	238
0	229	237
35	230	238
17	239	247
29	230	238
10	232	240
22	236	244
26	232	240
28	232	249
30	233	241
36	232	240
18	235	254
11	237	249
35	243	255
19	236	244
39	238	246
37	238	258
9	242	250
13	243	261
16	243	251
33	243	261
41	247	261
25	244	253
40	250	261
29	278	296
26	274	363
15	246	254
14	249	257
19	250	268
38	250	258
23	250	258
20	251	259
39	251	259
9	266	281
2	252	260
34	253	261
8	253	271
27	255	263
12	256	264
7	256	272
25	256	274
5	256	298
24	256	276
31	257	272
29	259	267
0	258	266
16	259	267
15	260	281
17	285	350
36	261	269
4	267	286
6	264	278
13	265	273
35	264	272
17	265	273
36	365	374
22	265	289
10	267	281
41	267	305
14	266	281
10	306	373
1	267	275
38	270	278
28	270	279
24	288	303
30	270	278
16	270	290
34	269	281
0	271	285
12	271	279
3	302	361
11	272	280
19	272	280
32	273	285
37	272	284
31	311	330
7	285	297
23	278	286
1	278	286
28	315	379
27	278	306
2	280	295
13	313	357
40	311	358
12	282	331
13	282	305
36	282	318
39	291	305
30	284	315
0	295	348
22	294	349
14	289	366
37	287	299
9	286	298
15	287	302
15	314	361
35	287	295
7	303	322
3	290	298
4	291	299
16	301	336
25	291	376
1	293	309
11	311	365
10	292	300
34	295	304
38	295	342
8	297	378
9	302	356
23	298	361
20	302	360
37	304	346
18	300	308
2	306	358
28	300	308
6	305	333
32	301	323
21	302	371
19	313	362
4	303	311
29	303	385
33	310	359
34	311	339
24	308	369
1	313	377
39	311	345
27	313	355
35	311	363
5	312	335
41	311	319
36	321	349
4	317	330
4	347	370
7	328	365
18	319	362
30	321	351
32	327	365
12	334	370
19	373	381
4	333	341
41	330	357
31	337	352
24	374	382
16	340	393
6	338	363
5	345	355
22	377	389
1	430	443
30	354	370
31	355	378
34	349	373
38	350	361
37	352	363
5	380	389
22	354	369
17	354	372
0	364	375
31	422	453
5	362	370
39	363	384
15	367	376
40	389	397
2	363	371
20	377	385
35	366	374
23	368	376
27	367	385
37	370	388
18	404	430
41	371	401
13	371	384
38	374	382
11	375	383
32	385	393
17	377	386
14	377	385
6	380	388
18	380	388
26	382	401
4	382	390
36	382	390
12	384	395
10	385	393
33	387	395
8	388	413
14	388	396
20	390	398
3	391	399
19	390	398
37	393	401
39	394	402
11	396	411
32	396	410
38	396	418
6	398	414
9	397	412
12	399	407
10	401	418
33	402	410
20	402	410
0	405	413
27	406	414
37	405	413
24	405	413
19	407	423
16	408	420
29	410	418
40	410	418
31	411	419
28	411	424
5	411	419
13	412	420
36	414	422
3	418	426
12	415	439
39	416	435
15	417	436
41	417	425
4	417	430
9	419	431
14	418	426
35	418	431
6	419	433
27	424	440
8	425	433
22	427	435
5	428	436
2	429	437
17	428	436
28	430	447
0	429	437
33	429	439
37	430	449
10	431	447
16	431	439
19	431	439
3	434	442
25	434	442
14	433	441
40	434	452
18	435	447
35	436	444
15	439	447
32	439	447
24	439	447
41	444	456
0	440	459
12	445	455
39	441	451
4	443	451
27	444	452
23	446	454
5	445	453
25	445	453
6	447	466
29	447	468
3	447	455
11	450	461
33	451	459
36	452	460
19	453	465
39	456	472
4	456	464
1	457	471
1	482	491
37	460	472
25	470	479
40	462	475
18	462	470
9	464	472
20	465	473
24	465	482
8	465	473
13	467	492
12	520	560
14	467	478
36	467	476
22	471	479
17	510	520
21	472	485
2	473	500
11	474	482
23	476	487
9	477	495
4	478	488
0	483	491
3	480	488
28	486	495
8	487	495
41	483	491
37	482	490
19	485	499
27	489	499
18	485	493
30	484	492
34	485	497
25	488	500
36	487	495
16	489	497
20	490	498
40	493	512
17	493	501
37	493	502
7	493	501
32	495	503
4	495	533
1	497	511
39	498	523
18	498	511
6	498	513
27	502	514
9	499	507
8	500	508
28	501	509
26	500	519
13	501	509
33	503	511
38	502	510
35	505	513
16	504	528
37	505	513
20	505	514
11	508	533
10	507	515
40	539	556
24	520	529
22	509	527
25	511	538
5	513	521
28	512	531
14	513	526
19	513	525
3	515	523
41	516	524
21	515	523
29	517	525
8	518	527
22	558	567
2	518	536
0	518	526
7	520	535
35	520	528
36	520	528
10	521	533
29	529	538
32	523	537
31	522	537
27	524	532
17	524	543
20	534	572
18	524	532
37	524	532
30	525	537
40	525	536
38	527	546
14	531	539
34	527	535
3	527	535
22	535	543
1	529	550
39	531	543
8	532	544
34	552	569
33	532	544
24	533	541
19	532	549
23	534	553
21	534	542
9	537	545
34	538	546
16	538	546
35	539	547
36	542	550
4	543	575
31	544	560
13	542	550
31	571	616
39	548	562
18	548	576
25	545	561
30	546	554
22	546	554
3	553	563
28	546	554
5	552	560
9	548	556
8	550	558
10	550	576
17	551	563
38	554	574
13	554	562
16	554	562
7	555	588
8	566	576
36	557	574
30	566	577
21	555	563
2	556	564
23	559	573
41	559	597
26	560	568
11	560	568
28	561	569
29	561	570
24	561	569
37	561	570
33	562	587
6	562	575
12	565	573
39	565	573
3	566	580
17	567	577
16	568	585
14	581	610
2	570	584
27	570	578
15	572	589
13	572	585
37	577	585
22	577	585
1	577	585
0	577	603
36	578	593
28	579	613
30	580	602
34	581	589
5	581	592
32	581	592
16	590	598
29	586	594
10	586	600
18	588	617
12	586	594
23	593	617
11	588	611
24	589	597
13	588	596
40	590	598
26	590	611
9	592	607
38	592	600
1	591	599
3	592	615
35	592	600
20	594	603
40	601	617
19	596	616
2	595	603
5	596	604
37	597	608
15	597	608
39	596	604
25	596	604
17	598	617
22	597	605
27	599	607
12	599	611
24	604	616
36	600	608
5	608	616
29	604	614
6	602	615
34	604	616
41	604	613
4	605	613
13	606	614
1	606	615
16	607	615
10	607	617
22	608	616
2	607	615