29	37	51
40	36	53
4	78	94
37	29	43
15	60	77
11	29	53
4	29	56
35	45	68
28	30	55
32	37	51
10	34	48
33	35	49
23	34	48
8	35	52
41	35	49
38	36	58
31	36	50
22	41	55
2	37	51
7	39	58
20	39	54
16	40	54
9	43	57
24	43	57
39	43	57
19	44	58
36	45	60
16	55	81
0	45	61
13	56	82
30	46	74
25	47	68
6	48	67
21	52	66
17	52	66
33	53	76
18	55	69
1	55	69
3	59	73
5	60	74
22	61	78
34	62	76
38	63	77
41	66	80
18	66	80
1	67	81
19	68	82
31	68	82
10	68	82
21	71	85
27	71	85
20	71	85
30	73	87
2	76	99
8	76	90
41	77	91
11	97	125
32	77	91
36	79	93
33	79	93
1	79	104
25	78	101
9	78	111
5	79	93
0	80	96
11	80	94
39	82	96
38	81	95
40	84	101
12	85	99
24	87	101
13	87	101
17	90	116
20	94	111
23	91	105
32	95	109
3	95	109
18	98	115
37	99	113
7	100	114
38	102	116
32	106	120
34	107	121
31	110	124
35	112	126
33	116	130
2	120	134
37	120	134
27	119	133
29	121	145
6	120	134
0	122	136
19	121	135
24	129	143
30	124	138
31	126	140
17	131	150
1	130	144
35	131	145
21	135	152
18	135	149
36	134	148
40	134	148
7	135	149
2	137	151
39	139	153
28	139	156
31	144	158
19	147	161
27	152	167
20	152	166
21	163	177
3	160	176
18	157	176
38	158	172
31	160	174
22	169	183
11	168	182
24	174	188
6	177	191
0	179	193
27	183	197
21	227	241
33	186	200
31	185	199
41	191	205
2	192	206
37	191	205
8	196	210
17	193	229
36	197	211
32	199	213
16	199	213
38	205	219
23	200	214
3	201	216
20	203	222
28	211	233
18	204	218
41	257	271
5	209	223
14	211	232
22	211	225
4	214	228
27	220	234
18	217	231
23	215	229
37	217	231
33	217	231
6	218	232
35	223	237
38	224	240
13	322	375
16	224	246
26	224	238
9	263	290
9	229	243
14	229	247
30	233	247
11	230	254
8	230	244
27	311	345
22	232	246
12	232	246
5	235	249
41	239	253
21	240	254
34	252	272
23	241	255
17	247	262
2	248	262
38	249	263
32	250	264
40	249	263
22	255	269
19	255	274
31	305	346
39	252	270
18	253	267
36	253	270
35	255	269
4	255	269
28	255	269
2	264	278
16	257	284
25	259	273
38	264	278
40	262	284
5	262	284
26	264	289
14	267	283
24	264	278
18	265	279
17	266	280
12	266	280
6	267	281
36	268	282
7	269	283
15	270	292
15	296	318
31	272	286
35	271	285
0	271	295
10	273	287
3	280	306
41	275	306
19	275	289
25	275	289
32	276	295
30	278	292
10	285	304
11	279	293
34	278	292
4	279	293
29	281	295
0	305	339
17	281	295
21	281	295
38	282	296
28	282	302
2	287	304
24	284	305
12	284	298
36	285	299
8	300	316
37	285	319
11	292	307
5	299	315
32	292	306
34	294	308
4	300	316
20	300	314
21	295	309
16	297	311
16	308	362
29	297	311
33	299	313
14	299	324
23	317	367
10	309	323
35	301	315
18	302	364
39	301	315
30	303	378
41	303	317
17	303	327
3	304	318
28	306	344
29	310	337
11	307	330
12	308	322
6	307	321
28	341	376
21	309	323
35	316	345
38	316	349
40	310	351
19	311	334
11	343	363
2	316	330
9	312	326
34	319	348
32	312	327
26	313	340
5	314	328
20	314	328
22	314	356
41	315	348
8	319	352
36	314	328
9	323	340
39	317	345
1	318	350
7	318	366
25	319	354
15	323	365
24	323	364
4	318	340
33	319	333
12	320	343
10	320	362
37	319	348
3	321	359
29	339	355
21	323	360
17	341	385
14	324	366
32	324	350
5	325	339
20	326	350
17	328	342
11	331	345
6	332	358
19	334	348
33	334	348
4	344	368
36	334	348
0	336	359
26	337	359
2	336	350
31	343	364
34	349	363
5	346	363
27	342	372
12	341	355
33	347	361
19	345	366
35	347	361
29	353	369
9	348	362
36	348	369
2	349	363
41	350	364
22	356	373
38	353	370
20	354	372
40	356	370
41	362	376
26	362	376
35	359	382
2	360	374
3	359	375
9	365	379
5	362	376
8	362	376
31	363	379
40	371	386
24	364	378
6	365	388
21	367	382
23	369	388
37	428	442
4	368	382
7	369	383
38	375	390
13	372	400
25	371	393
34	372	386
16	375	389
32	377	391
26	377	391
37	377	391
3	378	392
29	378	392
5	392	413
21	380	394
19	384	398
20	385	399
40	386	400
4	386	403
14	389	412
39	408	422
9	389	403
41	393	407
0	394	408
12	397	411
18	398	412
38	397	411
17	400	414
27	404	424
36	405	419
32	406	420
35	408	422
23	407	421
16	409	423
8	411	426
37	410	424
9	413	427
6	413	427
31	412	426
22	418	438
30	417	431
7	418	447
15	419	433
19	419	435
5	427	447
11	421	435
20	423	437
41	423	441
18	424	444
35	427	441
27	431	445
16	432	446
11	436	453
28	434	448
38	435	449
39	436	450
29	438	452
8	439	453
25	439	453
6	442	456
10	446	463
12	444	458
16	445	459
24	448	462
39	448	462
14	449	463
40	448	462
32	451	465
20	450	464
27	453	467
25	459	480
30	456	470
28	455	469
7	459	473
12	458	472
19	462	476
22	462	476
23	464	481
39	466	480
40	467	481
14	467	481
32	466	480
0	469	483
6	471	485
26	472	494
19	473	487
31	474	488
29	473	487
34	475	489
38	478	492
33	475	489
17	480	494
11	481	495
20	482	496
41	483	497
6	485	499
16	492	507
2	489	503
1	489	504
23	493	507
24	493	514
39	493	507
25	495	509
0	494	516
18	526	546
36	497	511
8	498	512
29	497	511
36	509	523
32	501	515
36	523	552
26	504	523
34	505	523
3	504	522
11	506	520
39	505	532
2	506	520
27	508	530
35	507	521
8	509	523
40	509	531
20	510	524
41	512	526
25	513	527
22	533	561
14	513	539
30	516	530
11	517	531
17	516	530
9	516	532
16	516	530
33	517	531
2	518	532
28	519	533
35	519	533
6	521	540
34	521	535
20	522	542
25	526	555
3	524	540
1	524	538
38	556	574
8	526	540
29	527	541
15	527	541
24	529	552
16	529	543
40	537	551
30	529	543
27	531	560
17	531	545
26	532	546
7	533	556
28	533	547
13	534	548
4	536	550
32	538	562
20	540	556
35	540	561
9	542	556
1	543	557
15	544	558
5	544	558
19	544	558
11	544	568
31	546	560
28	546	577
36	551	565
24	550	571
33	550	564
14	552	576
34	553	567
26	552	566
25	557	588
18	554	568
30	554	568
1	555	569
9	557	593
39	559	573
10	562	576
20	562	576
7	563	577
16	565	581
37	565	579
27	564	578
18	567	582
33	568	587
41	571	585
35	574	589
12	574	588
15	574	588
23	575	597
36	575	615
13	579	593
26	594	618
28	584	608
21	585	618
35	586	600
5	587	608
37	588	618
31	588	603
15	591	605
39	600	621
0	594	609
20	595	617
34	595	609
12	597	613
6	598	612
14	599	618
1	600	615
11	605	619
4	601	616
7	600	614
10	605	619
15	606	623
16	607	622
23	609	623