6	34	58
32	21	33
17	21	35
7	22	34
11	24	36
23	24	36
34	25	37
33	25	45
22	25	37
8	34	46
30	36	51
24	34	46
12	31	43
15	33	60
39	33	59
32	34	46
17	34	48
27	34	46
41	36	61
3	36	63
25	37	53
19	54	71
28	72	89
40	38	50
7	38	51
16	38	52
31	40	63
10	39	54
11	41	77
21	40	52
34	43	55
9	42	61
19	43	55
29	44	57
2	50	73
1	45	71
32	45	57
28	45	57
35	45	57
26	46	59
23	47	59
12	47	59
20	47	60
24	49	61
5	47	82
4	48	61
36	48	76
17	50	62
13	68	95
14	50	64
8	52	64
16	53	89
7	52	73
24	63	78
33	53	72
27	54	68
10	55	67
40	55	73
0	56	68
5	100	112
29	57	82
22	57	73
37	59	71
17	64	83
28	58	73
25	61	73
26	60	72
20	60	73
6	61	73
9	61	83
4	61	92
23	65	77
21	66	78
30	66	93
15	67	80
35	69	103
41	68	84
1	70	96
19	76	95
8	71	83
33	71	111
26	71	90
7	72	92
38	72	93
3	76	109
14	78	90
2	79	106
0	79	91
21	78	108
24	80	96
18	80	103
25	83	109
10	81	93
34	83	95
6	85	97
5	87	99
17	87	99
40	90	108
11	90	107
8	90	102
41	91	114
16	92	109
15	92	104
28	91	105
20	93	129
29	95	124
32	92	104
19	98	111
37	99	111
12	100	112
1	101	113
14	102	122
31	102	122
27	106	118
11	106	118
32	107	119
38	106	118
40	107	120
8	107	135
28	106	130
10	110	127
9	110	122
22	119	137
5	112	124
15	115	127
25	114	133
17	115	137
21	116	128
11	118	143
7	117	129
4	120	132
35	120	132
2	122	138
39	123	135
24	125	137
14	123	141
0	129	143
18	126	138
27	128	140
23	127	139
30	129	141
27	193	205
36	162	180
32	131	147
28	132	160
10	135	147
41	299	378
8	137	156
40	137	149
29	140	152
18	139	151
27	140	152
13	142	154
35	143	155
1	147	159
14	146	162
32	148	169
25	184	207
39	152	166
2	150	162
21	150	162
29	152	164
13	154	166
30	155	167
5	154	166
12	154	172
9	156	168
6	183	195
17	158	176
30	169	190
1	161	173
11	161	173
16	162	174
2	164	183
25	164	176
13	166	178
28	166	178
18	167	179
35	174	198
41	180	197
20	169	190
8	169	181
14	170	182
38	171	183
22	171	184
31	172	184
29	172	188
6	172	184
32	176	188
21	176	188
37	180	192
36	181	193
5	244	265
5	182	194
28	182	194
38	183	195
39	183	204
33	187	199
18	187	199
12	187	202
16	190	203
26	189	201
22	191	203
3	191	203
30	192	204
15	194	206
9	194	218
11	194	206
14	201	213
21	196	208
28	198	212
35	203	215
24	200	213
31	200	212
18	201	213
12	208	220
36	205	217
20	233	248
33	204	216
0	210	222
14	229	241
39	214	228
40	210	227
18	213	228
38	213	225
31	215	227
17	215	228
41	216	238
26	219	251
19	215	227
5	216	228
14	240	270
19	226	238
6	219	231
33	224	249
27	315	356
15	224	242
28	223	235
24	223	252
37	224	236
40	227	239
34	226	238
0	227	239
12	229	251
6	230	242
3	230	242
18	230	242
5	232	244
35	233	245
23	236	248
1	237	249
2	282	356
28	242	254
8	237	249
5	307	364
41	239	251
18	241	256
38	241	253
0	243	255
11	243	255
21	243	269
22	246	258
17	250	274
4	247	259
37	246	258
13	248	265
23	247	259
15	247	259
9	275	361
16	249	261
33	250	262
39	250	275
31	256	285
26	250	268
27	251	263
25	251	263
6	259	285
40	251	276
2	253	265
30	253	265
24	253	265
34	253	268
8	256	273
36	256	268
1	256	268
3	284	315
29	256	271
18	258	317
19	259	285
16	260	280
41	260	298
11	259	278
37	259	271
4	260	272
38	261	293
33	263	295
25	293	306
0	265	277
35	266	278
25	268	282
22	267	280
2	268	280
13	270	282
12	270	292
37	271	283
4	272	284
10	272	292
20	273	285
5	272	284
36	273	285
30	275	303
17	274	286
7	277	290
23	278	290
26	285	299
1	278	366
40	279	291
6	285	300
0	284	299
34	292	317
11	286	301
4	291	352
8	284	305
37	283	297
15	283	295
35	284	296
10	291	303
32	290	319
16	285	297
17	291	305
18	316	350
5	289	305
28	290	363
13	289	347
7	289	301
40	291	382
19	290	315
27	291	316
31	292	304
20	292	313
11	305	350
33	296	316
38	295	307
14	297	363
36	296	334
26	298	310
29	298	310
37	299	311
23	299	311
15	298	361
7	300	316
6	301	345
10	307	350
12	301	377
35	303	365
16	417	434
24	307	379
26	312	372
39	303	315
21	303	342
8	304	365
0	309	321
30	307	327
23	311	378
38	308	349
3	314	331
22	308	327
25	308	351
29	311	363
31	308	339
16	311	367
20	312	394
32	324	370
39	314	356
37	314	335
34	317	356
7	316	374
22	328	357
33	317	390
17	317	348
30	330	380
19	319	367
0	325	363
3	332	353
37	335	353
36	336	348
21	345	357
6	347	367
31	349	361
18	351	379
39	370	397
13	350	378
38	351	363
24	403	418
25	380	392
37	353	366
4	353	365
36	356	382
10	355	386
11	355	367
27	357	369
3	359	377
38	362	383
22	362	374
9	364	376
25	364	379
0	364	376
27	370	389
28	367	379
17	368	387
11	368	386
32	370	386
37	372	392
35	371	392
31	373	406
16	373	386
30	380	398
21	373	389
22	375	400
4	376	389
23	377	389
13	377	389
15	386	398
29	378	390
9	379	391
2	381	407
3	380	392
36	382	400
5	382	394
19	384	396
16	385	400
7	387	399
29	389	411
18	388	400
9	390	402
1	392	404
34	393	405
26	394	406
30	398	410
40	400	418
8	396	408
21	395	407
5	397	409
38	398	410
19	397	409
15	398	410
37	399	411
36	402	415
22	402	414
6	402	414
14	406	418
11	405	421
39	407	419
32	407	421
25	412	425
28	408	420
19	410	425
33	410	422
8	411	427
21	412	424
30	411	423
15	413	425
37	467	485
37	416	432
7	415	430
22	420	437
38	418	435
17	418	435
4	421	433
39	421	443
10	421	433
34	422	448
28	423	435
12	425	445
26	425	437
30	427	439
20	426	442
1	428	449
29	426	448
14	429	441
8	430	448
31	444	516
33	429	446
5	430	442
37	431	456
23	430	442
2	433	445
6	432	444
38	435	447
18	437	469
35	437	449
11	438	450
28	439	462
15	439	459
21	440	462
20	441	458
23	442	461
5	444	460
17	447	459
9	447	459
35	449	461
1	448	460
39	454	467
29	453	473
6	454	466
10	456	468
30	470	490
24	457	482
34	459	471
30	458	470
13	460	475
32	463	477
35	463	475
14	465	477
1	507	543
16	466	478
6	466	478
17	467	481
33	467	479
21	468	480
22	467	479
3	469	481
0	469	484
2	472	484
7	474	486
1	475	487
18	477	489
20	479	491
26	478	496
12	484	498
25	480	502
3	480	492
27	481	523
40	483	498
10	481	493
21	484	496
11	485	506
14	484	496
5	484	498
19	486	498
37	488	500
39	491	503
26	495	507
26	522	562
36	491	517
7	493	505
35	492	514
1	492	504
16	494	506
28	495	514
3	495	507
15	495	515
24	498	539
33	499	511
13	499	511
4	499	511
20	501	513
40	501	519
29	500	518
5	500	512
8	503	528
18	503	528
38	502	518
31	517	534
6	504	516
32	504	519
0	505	529
7	504	516
17	507	532
10	510	522
37	513	525
33	513	571
4	514	532
2	513	525
9	520	559
5	514	526
30	516	532
12	515	543
34	516	560
41	518	549
39	518	530
7	518	542
14	517	538
23	518	538
38	518	540
32	519	531
28	526	538
22	520	552
21	520	548
27	522	535
19	524	536
15	527	549
41	550	579
29	526	551
0	529	546
39	529	543
11	531	549
3	531	543
4	532	544
25	532	544
35	532	556
37	534	565
8	535	547
40	536	561
18	536	548
23	538	550
31	537	549
30	540	563
2	539	551
38	541	553
3	542	554
5	543	577
13	543	604
25	544	568
39	546	558
24	546	582
28	547	559
8	548	572
10	549	565
23	549	561
31	551	563
6	551	576
12	551	563
27	551	563
20	553	584
19	552	564
18	552	564
22	552	573
32	562	574
16	552	564
38	554	580
1	554	572
15	557	573
17	555	584
39	570	590
14	556	568
27	594	612
0	557	569
9	560	573
28	559	571
35	573	597
7	561	578
31	563	575
36	563	580
4	563	600
23	564	587
27	565	577
16	566	582
19	566	590
21	566	580
3	571	589
28	594	620
37	568	596
34	569	602
33	599	615
2	579	618
29	572	584
11	572	584
10	579	591
12	576	588
32	578	590
8	579	610
7	580	599
25	581	593
18	581	593
40	583	595
28	583	595
9	584	599
17	584	596
6	585	597
30	586	602
15	588	600
41	588	606
12	594	621
3	593	605
14	602	619
10	594	606
29	594	606
6	596	615
40	597	609
16	596	608
11	596	619
35	596	613
5	597	618
24	596	608
0	596	611
22	597	616
26	597	619
38	602	621
36	598	619
19	599	615
25	599	611
20	600	617
4	599	621
9	600	612
23	600	612
7	602	621
32	603	615
18	603	616
13	604	616
3	605	621
29	605	621
39	607	619
17	608	620