19	39	54
31	58	68
30	46	79
26	38	48
29	24	37
22	22	32
35	23	33
31	24	34
9	25	35
13	39	52
10	27	51
33	28	38
27	28	50
4	27	47
16	28	38
8	31	41
34	29	39
15	31	41
1	31	41
0	31	45
39	31	41
36	32	42
21	39	57
11	35	51
17	46	63
41	52	73
38	46	56
14	35	62
25	37	52
32	38	48
9	40	57
40	39	49
16	40	50
1	43	53
39	43	54
34	47	74
5	45	64
33	45	63
35	45	55
20	45	62
18	45	70
2	46	56
29	46	56
23	67	107
22	53	63
7	58	82
32	51	61
15	52	62
23	54	66
28	53	63
37	53	63
14	69	79
25	56	66
2	57	67
11	57	77
8	57	74
9	58	90
4	60	70
16	63	83
19	63	73
21	60	70
35	60	76
29	60	70
26	61	91
36	62	84
40	62	77
22	64	74
33	66	76
29	73	85
28	65	85
17	66	76
3	67	77
10	67	97
27	69	94
25	70	80
38	69	79
2	71	82
18	71	81
15	72	83
19	75	105
0	74	92
1	75	85
37	75	85
18	84	94
11	78	88
4	79	89
35	80	90
8	81	91
34	81	96
33	81	91
13	83	94
14	84	97
3	84	94
1	86	118
39	84	100
32	87	99
41	87	97
17	89	106
24	89	99
31	91	107
33	92	102
4	92	102
36	94	107
26	94	104
9	93	117
7	96	110
12	96	106
5	121	134
2	95	105
4	145	174
6	97	107
13	98	109
1	121	140
28	99	109
35	99	109
14	99	117
40	99	109
21	101	111
10	101	111
37	102	112
5	102	112
39	104	129
33	105	115
30	106	116
22	107	117
19	108	118
26	110	120
36	110	120
7	126	145
41	111	121
15	111	121
12	110	120
23	112	122
7	113	123
0	114	124
29	114	124
6	114	124
2	115	131
24	116	127
13	118	140
14	128	149
38	130	147
17	121	136
35	130	167
19	120	131
34	122	132
20	123	145
9	123	137
33	125	135
3	128	138
34	156	169
8	129	139
10	129	139
19	136	146
41	132	146
11	132	142
16	133	143
28	135	145
30	140	150
40	141	156
34	140	150
31	141	153
5	150	160
1	160	170
32	147	166
10	149	159
7	151	166
11	151	163
39	153	163
13	152	162
36	153	171
20	154	164
0	158	168
22	160	173
28	159	169
15	161	171
9	160	170
33	162	172
14	162	178
37	164	174
40	163	173
39	166	200
28	183	198
37	175	186
3	171	181
18	225	258
27	175	185
10	171	181
7	171	181
36	173	183
2	174	184
0	176	186
35	178	188
1	178	188
17	179	189
32	180	190
13	180	190
34	180	190
30	179	189
20	179	190
22	181	191
7	184	194
2	187	197
12	188	198
14	191	201
13	191	202
8	190	200
40	192	214
34	193	207
29	275	288
17	195	205
3	195	205
31	195	212
32	195	205
37	204	222
22	199	217
36	198	208
4	200	210
27	204	219
19	199	213
1	205	215
29	201	214
30	203	213
5	203	213
28	205	215
9	215	230
24	205	225
33	213	232
20	253	268
12	208	218
4	215	225
6	208	218
20	210	220
16	209	219
0	209	219
25	212	222
41	212	222
8	214	224
19	237	250
40	217	229
29	218	228
10	219	229
12	220	236
26	222	232
38	222	236
1	222	232
6	222	232
24	232	246
16	222	232
8	226	246
24	313	376
28	227	237
15	230	249
3	228	238
32	230	240
4	233	243
14	234	257
34	235	245
33	238	251
6	240	250
22	237	247
17	238	252
40	240	250
5	239	249
2	244	259
31	242	261
21	242	257
20	241	251
36	243	253
3	243	253
9	245	264
38	245	255
4	246	256
7	247	270
34	248	263
11	308	367
27	249	270
10	248	265
11	250	260
39	250	260
29	250	260
3	256	287
19	251	283
23	252	262
4	260	283
26	257	273
36	258	277
15	258	275
33	288	301
38	259	274
22	258	276
35	259	269
14	259	282
30	267	278
32	262	272
37	261	271
6	263	274
11	262	272
0	264	274
28	265	288
8	287	353
23	266	279
13	267	310
8	269	279
10	306	378
41	270	280
17	270	292
7	271	281
1	272	282
27	271	295
35	271	281
33	273	286
31	272	282
16	273	299
39	276	324
0	279	301
15	276	286
37	277	302
24	277	287
30	279	297
4	289	308
12	324	373
40	280	364
18	332	365
20	280	318
9	279	289
11	287	300
38	282	292
1	283	293
27	308	335
32	283	305
3	293	381
5	282	292
41	283	293
7	284	294
34	286	296
22	285	295
10	287	301
25	293	308
18	290	301
12	293	321
15	290	307
23	294	349
34	300	339
2	299	312
1	294	309
19	297	364
21	296	321
5	300	377
38	313	369
25	309	360
26	300	363
31	301	314
29	299	337
24	300	310
14	302	318
22	301	311
36	303	318
7	302	351
37	305	315
18	304	314
33	305	346
9	307	369
30	305	377
16	305	360
35	306	346
27	338	354
4	309	320
17	311	368
28	310	373
32	310	369
41	310	347
1	312	348
6	312	342
14	320	377
18	315	326
13	315	350
15	319	373
31	316	364
37	317	328
4	321	380
20	319	357
22	321	334
36	321	334
21	324	351
0	327	367
39	327	349
37	332	372
2	330	379
35	347	374
22	337	377
36	336	367
34	340	368
29	343	366
6	343	363
16	363	377
33	347	365
23	373	395
7	353	371
41	350	384
27	356	379
13	351	361
1	353	373
8	358	378
28	374	388
21	364	385
20	366	379
39	367	384
18	367	377
12	377	395
19	368	378
31	369	379
33	369	379
13	369	381
25	369	381
36	373	383
32	373	383
22	378	404
34	375	404
16	382	392
0	378	394
37	379	389
11	378	388
8	379	389
5	380	390
41	390	401
10	381	391
29	381	391
35	381	391
9	380	390
40	381	391
18	382	392
31	383	400
14	384	403
2	436	451
20	386	402
26	388	398
2	390	400
33	395	408
30	393	403
38	392	402
35	394	404
17	394	410
27	396	407
3	395	405
28	398	408
40	404	415
0	398	408
23	400	410
7	399	420
10	401	411
2	402	420
36	403	413
41	404	418
8	405	415
32	405	423
37	412	423
1	404	414
4	406	426
26	405	415
19	410	420
21	407	417
28	410	430
0	413	426
16	445	455
9	417	427
13	416	426
17	416	430
34	416	440
11	417	427
40	418	428
16	420	430
3	420	430
38	426	436
23	421	431
20	421	431
2	421	431
36	421	431
15	424	448
30	424	434
33	423	433
1	432	455
8	424	434
24	426	436
29	426	449
4	427	437
28	444	454
13	432	461
21	428	438
6	429	442
9	436	446
7	431	441
40	433	443
14	432	452
12	437	448
10	434	448
18	436	446
20	435	445
39	435	445
17	437	452
37	436	446
27	438	448
41	454	470
31	440	450
36	440	450
22	443	453
41	443	453
4	444	461
26	452	464
25	448	458
30	448	458
9	448	458
33	448	463
21	454	464
18	451	461
12	450	460
5	452	462
35	453	463
27	452	462
20	456	466
17	455	470
36	457	467
28	456	466
15	460	476
29	460	470
34	464	474
1	465	475
27	467	483
22	465	495
12	465	475
13	464	474
20	468	478
36	468	482
30	469	490
19	468	478
32	470	480
7	469	486
21	470	480
38	474	485
5	476	486
40	475	485
14	475	485
24	478	488
12	478	502
34	478	489
28	480	494
41	480	490
33	480	500
8	481	491
6	480	490
18	483	493
5	489	513
39	482	492
9	485	498
19	538	552
0	511	532
3	487	500
17	520	541
37	487	497
23	493	503
4	493	503
20	492	508
2	493	518
39	493	503
15	494	504
0	494	504
25	496	517
22	496	512
23	557	567
31	497	507
21	496	506
27	496	506
19	500	513
7	498	508
9	500	510
13	507	560
37	505	522
28	509	530
34	506	526
29	507	528
32	506	516
35	506	525
11	507	526
24	508	518
39	510	520
14	509	519
9	511	521
22	513	526
21	513	523
20	513	523
30	515	534
23	516	528
40	516	528
31	521	539
7	516	528
16	516	560
10	518	534
32	517	538
3	519	529
19	518	533
5	521	535
8	520	542
25	522	532
14	523	533
37	523	533
6	524	534
1	525	535
39	525	535
22	531	544
18	525	549
12	526	536
41	526	536
2	528	543
27	529	542
11	529	551
15	530	555
23	529	551
33	529	539
0	533	545
3	532	543
7	533	543
24	533	549
29	534	554
7	549	576
28	534	547
14	536	555
36	536	546
38	537	561
21	537	557
40	537	555
6	536	546
5	538	548
34	540	551
4	542	572
20	542	553
41	544	554
37	545	564
3	546	583
26	545	562
10	546	567
9	548	564
6	548	558
27	548	558
35	548	563
12	550	561
15	556	572
39	549	583
33	549	589
32	552	577
18	550	570
11	553	563
1	553	563
36	552	562
8	554	573
25	566	579
41	556	570
5	556	577
2	556	574
19	559	576
29	558	568
21	560	580
27	561	574
20	563	579
22	563	577
6	562	572
40	564	586
13	564	574
26	564	604
14	565	591
31	567	577
28	585	596
24	568	578
1	568	578
34	569	585
16	569	581
28	571	581
12	572	582
6	573	583
29	573	583
38	580	607
9	574	584
32	608	619
17	576	598
8	600	618
31	578	602
1	579	589
22	580	590
24	581	592
36	581	591
41	582	593
37	581	591
15	587	600
39	584	597
19	585	600
7	584	600
20	586	596
35	587	607
11	590	607
10	590	600
21	591	601
32	593	607
9	592	617
36	593	611
20	599	619
40	597	609
25	593	603
13	593	603
2	594	604
23	596	606
4	596	606
12	599	617
15	607	617
1	600	615
27	599	611
39	600	618
19	601	612
5	603	619
29	604	615
6	604	614
24	605	615
31	604	616
21	606	616
33	606	619
17	608	618
4	607	617
16	609	619