15	50	72
41	46	82
30	29	62
4	42	58
17	21	43
6	20	32
12	50	72
20	23	35
5	23	45
34	23	35
39	25	37
0	24	46
11	25	37
18	26	38
10	57	72
36	27	44
22	29	41
32	30	42
27	30	50
14	31	63
24	31	52
25	31	43
8	34	59
23	32	44
34	49	70
33	46	64
41	35	47
39	37	54
11	37	49
3	39	66
29	39	62
38	39	55
9	40	54
6	42	54
31	42	54
13	42	65
19	44	57
20	44	65
18	51	82
37	45	58
0	46	60
1	46	71
21	48	64
11	50	62
32	50	68
7	51	72
26	52	68
40	54	66
36	54	68
2	56	68
5	56	76
25	57	91
35	59	87
31	60	74
24	60	72
9	62	74
33	63	75
6	64	90
3	65	77
4	77	95
26	68	106
27	69	81
11	67	93
3	76	98
34	69	88
1	70	82
14	70	82
29	70	82
19	71	83
8	70	99
17	70	85
22	72	88
39	72	105
16	73	92
23	74	86
13	74	86
5	76	88
20	106	126
9	77	94
40	80	96
7	78	91
33	80	98
2	81	93
37	89	106
28	81	93
21	82	103
36	83	95
14	83	117
38	86	112
12	88	100
5	90	102
20	90	102
34	90	108
10	92	104
31	93	105
28	94	110
13	94	106
11	95	122
32	96	112
41	97	119
29	97	111
25	98	110
1	97	109
40	98	117
30	98	110
9	104	116
17	103	115
21	105	132
16	104	116
10	106	126
3	107	130
37	107	119
0	108	120
4	108	120
7	109	121
22	109	121
25	111	123
18	112	124
36	114	132
1	114	134
39	115	127
34	115	134
9	117	130
6	117	134
26	120	150
2	121	133
17	120	133
23	129	141
31	123	135
28	123	137
4	129	141
27	127	143
29	128	140
15	129	141
7	132	144
25	128	140
11	130	142
41	129	141
19	131	151
36	136	148
35	134	146
20	136	148
31	136	148
14	139	163
32	145	166
33	140	152
39	140	157
34	141	153
15	141	153
18	154	166
9	144	156
22	147	159
1	148	160
36	149	168
7	148	167
0	151	199
24	152	169
6	152	164
35	156	168
33	161	174
25	161	173
41	162	174
16	163	184
26	163	175
21	172	193
23	165	183
31	164	176
40	166	197
14	167	179
24	168	190
28	169	181
5	171	183
32	170	182
3	172	196
39	172	184
19	173	185
11	177	189
13	177	189
27	178	190
10	178	190
17	178	190
15	182	194
23	183	195
28	185	197
7	187	201
18	187	208
12	192	204
5	188	200
38	188	202
4	194	206
26	197	225
33	192	207
20	191	203
2	193	205
27	193	205
3	195	207
34	195	207
15	199	214
23	199	211
8	201	213
16	200	220
28	200	212
37	202	214
38	204	216
14	205	217
39	208	223
32	210	222
4	211	234
6	211	223
7	215	227
19	213	225
34	215	227
33	218	243
40	215	229
2	317	355
13	217	237
10	218	230
6	225	239
8	223	249
5	222	234
3	222	241
18	223	235
20	222	234
25	227	247
36	226	238
12	233	247
31	229	241
19	228	240
28	230	242
9	229	241
40	229	248
32	229	252
14	231	266
38	232	244
7	232	245
21	234	246
23	235	247
13	243	263
15	238	286
20	240	276
31	241	256
26	241	253
22	241	253
18	243	255
37	243	255
38	243	255
16	243	255
33	244	256
19	245	273
10	246	260
23	248	284
34	247	263
19	272	307
12	248	268
39	249	262
5	250	267
8	250	283
17	254	266
7	251	282
4	251	263
22	254	266
30	255	269
33	256	270
36	256	268
10	259	274
28	258	290
9	286	392
26	265	277
31	260	280
25	262	281
27	262	301
39	265	278
13	263	288
34	263	275
5	267	279
32	263	275
11	263	275
1	266	284
21	266	288
6	266	278
40	266	278
16	267	279
7	305	359
41	271	294
0	272	284
38	271	368
33	271	301
2	274	290
1	283	298
12	274	302
32	275	287
11	304	374
11	276	289
10	274	286
9	275	287
4	276	293
31	279	298
5	281	333
17	281	293
18	310	378
14	282	294
30	282	298
22	287	306
26	283	384
37	285	353
8	285	309
29	286	317
40	295	307
23	288	359
25	289	301
16	288	301
12	306	405
15	289	310
18	289	306
36	289	353
28	299	366
7	291	303
33	313	386
24	296	308
20	293	305
2	291	303
19	306	378
41	296	358
25	311	354
34	297	309
14	299	329
30	298	369
21	298	377
10	299	354
35	307	372
6	303	363
8	308	365
17	306	356
31	302	362
16	302	354
4	307	384
1	303	363
27	303	355
3	306	355
32	308	369
20	308	355
39	307	335
15	314	357
13	308	337
22	309	363
34	312	389
0	312	381
24	318	365
29	321	354
40	321	372
14	333	361
5	333	361
39	335	373
13	337	366
7	396	409
20	361	390
36	355	369
17	355	367
2	355	367
3	354	377
10	357	369
5	363	379
7	360	376
41	364	393
25	363	379
31	365	377
24	364	388
2	367	386
15	367	379
8	369	381
32	368	382
36	368	389
1	368	380
10	368	380
17	371	386
28	371	383
13	371	386
6	374	386
22	379	399
23	375	399
21	376	388
37	378	408
16	383	400
35	381	393
40	380	392
19	382	394
11	388	400
33	392	408
14	389	401
36	390	402
28	389	401
2	391	403
17	393	405
26	394	420
6	394	406
18	394	406
19	396	408
11	403	418
10	408	421
9	396	408
24	398	410
39	400	412
41	404	420
26	434	454
0	400	412
40	402	414
22	403	421
30	405	417
31	404	416
23	406	418
19	407	440
38	407	420
13	408	423
37	407	419
4	409	421
2	410	422
12	410	422
24	409	431
39	412	429
14	413	439
17	411	427
28	411	429
11	417	436
34	412	424
25	414	426
15	415	433
13	429	459
21	416	428
33	418	432
37	419	431
3	419	443
1	422	438
36	423	435
29	424	436
38	424	436
2	425	446
7	428	442
9	426	464
41	425	458
12	425	437
5	431	446
6	429	441
35	429	441
30	430	448
31	430	452
21	431	443
0	435	447
20	435	447
8	435	447
25	437	464
11	440	452
18	440	452
34	441	453
35	442	461
24	442	454
40	444	459
29	445	462
14	443	455
17	454	466
8	446	468
15	447	459
37	535	555
10	446	465
36	450	462
37	449	461
4	464	490
14	472	484
20	451	463
6	453	466
5	455	467
35	465	477
11	460	479
15	459	471
24	462	479
0	462	474
6	503	528
41	462	483
27	464	489
38	467	479
34	467	479
20	467	479
19	467	498
25	467	485
3	468	480
7	476	489
9	469	481
5	473	486
1	475	497
18	475	487
41	536	565
28	478	490
37	480	501
6	480	492
31	480	492
35	480	492
21	479	491
26	481	502
40	481	498
14	486	499
22	482	494
35	526	538
39	486	499
16	577	605
2	505	533
0	489	510
35	496	508
9	490	508
13	490	505
23	490	503
38	496	556
40	513	540
15	492	504
27	492	510
22	493	512
32	494	510
25	495	508
5	498	529
34	498	519
10	499	511
20	498	514
11	499	511
16	500	528
31	501	520
28	501	537
1	503	515
17	505	517
3	506	552
24	506	528
4	507	519
19	506	518
23	511	541
39	510	522
41	509	521
25	509	521
26	510	530
7	513	530
35	513	525
13	513	525
15	514	529
10	514	526
9	515	544
27	514	544
12	516	528
18	516	533
36	517	529
32	517	529
19	520	532
0	520	532
1	520	532
8	521	539
30	522	534
22	521	533
34	526	545
32	528	540
25	524	566
31	525	550
31	585	611
17	536	555
10	527	547
12	528	567
29	529	541
13	529	541
36	530	542
6	531	543
33	530	546
15	531	551
22	535	555
18	532	544
24	531	546
14	533	552
39	532	544
11	535	549
4	540	562
7	537	557
35	537	550
2	538	550
32	540	561
30	540	565
29	540	574
19	543	556
28	542	566
24	548	584
1	547	561
9	547	559
23	547	572
5	547	570
33	547	563
39	549	573
0	550	562
27	552	575
14	552	564
10	554	570
26	555	569
3	584	606
11	555	580
8	560	590
20	556	573
16	558	574
3	558	570
2	561	575
6	560	574
22	560	572
38	562	593
14	575	614
9	561	615
23	575	616
21	562	586
4	562	602
15	563	575
13	563	575
34	565	588
37	565	577
18	567	579
28	567	587
31	568	585
25	569	598
12	569	590
1	583	595
35	569	581
7	570	588
39	572	596
33	572	585
2	574	586
19	574	590
26	576	593
41	575	606
5	578	590
13	592	608
27	578	590
6	578	606
36	578	606
29	579	595
30	581	598
11	581	593
12	601	613
17	584	596
7	590	602
10	595	610
28	592	604
5	593	608
19	593	605
22	594	610
37	599	620
38	595	607
39	595	617
15	595	607
2	595	618
16	604	616
8	597	615
35	598	610
13	607	621
7	601	615
24	600	612
11	601	616
1	603	615
34	603	619
29	604	616
19	604	616
21	604	616
41	605	617
26	604	616
25	606	618
32	605	621
40	607	619
27	606	618
33	606	618
30	606	618
20	606	620
35	609	621