5	23	104
7	41	56
37	68	94
6	32	51
1	31	52
23	20	32
17	37	51
10	21	39
0	24	36
27	23	52
39	24	36
12	26	38
7	25	37
11	39	69
31	27	48
27	61	87
38	28	49
13	29	41
20	40	56
15	30	42
35	32	63
3	37	52
40	32	44
37	36	48
34	36	53
39	36	51
8	37	55
16	38	56
33	39	51
36	39	51
14	39	52
12	40	70
24	40	55
10	42	54
30	44	62
29	41	53
28	42	65
25	42	54
21	43	85
13	44	64
9	45	58
2	58	70
15	46	58
22	49	61
23	52	67
28	65	89
26	51	64
17	51	69
6	51	63
33	52	64
37	56	68
31	54	66
29	54	66
39	55	67
10	56	69
4	57	74
24	57	80
14	58	83
16	59	94
0	59	71
38	60	87
7	59	97
18	62	74
30	62	74
3	63	88
15	63	75
41	64	76
39	66	88
29	66	78
32	65	83
20	66	78
9	67	79
1	67	81
19	68	100
25	70	82
17	70	82
23	73	95
41	82	94
36	73	85
13	73	88
15	81	93
35	76	104
4	76	88
8	76	88
29	79	93
26	80	93
1	81	101
12	81	101
30	83	95
40	87	103
9	84	96
10	85	97
11	86	99
25	85	99
27	88	103
2	89	101
17	90	102
4	91	103
14	93	105
24	93	105
3	106	126
23	102	115
32	94	111
26	94	106
38	95	109
0	95	108
30	97	125
20	102	118
10	99	111
39	100	112
8	101	113
9	103	115
22	106	119
29	104	116
28	104	116
19	103	118
41	105	124
36	105	118
17	106	118
7	111	131
2	107	119
0	109	123
21	111	123
24	113	144
40	119	132
33	146	171
34	120	143
31	115	138
5	115	147
13	116	133
32	117	132
20	119	131
14	118	130
37	120	132
18	122	134
36	123	137
4	124	142
41	125	137
39	125	137
26	127	139
9	127	139
25	130	142
38	132	149
13	136	148
21	137	149
28	138	150
39	138	150
36	142	154
10	142	154
11	142	154
1	144	156
5	146	158
25	146	167
17	147	166
21	148	160
9	147	159
8	147	159
5	281	359
27	151	163
38	151	167
40	152	164
18	154	176
24	154	175
36	154	181
7	155	179
15	155	167
26	156	168
34	156	168
14	157	169
11	159	171
5	164	189
19	163	175
26	170	193
3	169	188
30	165	177
14	174	193
4	167	179
27	170	182
28	175	195
11	170	182
33	171	183
34	170	182
39	171	183
9	172	186
32	174	190
21	181	193
30	176	188
1	177	189
6	178	190
19	180	192
41	180	192
11	185	205
17	184	214
34	184	206
29	184	196
27	187	199
24	187	199
40	187	199
13	188	202
18	188	202
5	188	200
30	190	202
0	191	203
25	193	228
19	193	205
31	197	219
23	198	210
8	197	209
28	199	211
3	198	220
4	200	212
32	202	214
21	200	222
12	202	214
33	202	216
14	204	217
26	206	218
40	209	221
22	218	230
27	211	223
37	211	223
34	213	231
6	212	224
14	216	237
2	220	243
16	216	256
11	216	228
23	218	230
7	219	267
41	220	232
26	260	362
38	220	238
3	224	236
11	232	244
30	226	238
21	231	253
5	226	246
4	226	238
37	226	253
36	230	242
14	313	360
10	231	243
20	231	253
26	233	248
24	232	244
15	232	250
5	248	260
12	234	256
31	235	247
34	236	251
28	235	269
33	239	283
39	236	248
30	238	250
18	239	267
8	257	300
18	295	371
38	241	253
36	244	258
9	247	259
0	244	265
2	246	260
25	243	277
41	243	255
24	245	272
11	244	256
4	248	287
22	261	350
13	247	259
14	247	259
29	248	260
31	248	268
26	247	259
40	257	278
34	262	275
30	255	279
35	282	314
21	252	267
23	252	271
1	252	264
27	253	265
20	263	275
39	255	267
19	257	269
41	257	313
12	258	290
15	257	269
9	259	271
38	262	279
14	261	294
32	264	279
3	263	275
18	266	278
36	285	297
11	266	278
1	267	279
17	268	286
39	269	281
37	270	298
27	269	281
38	309	361
6	271	291
2	271	290
5	270	282
10	270	285
28	272	284
0	272	295
16	276	288
31	274	292
29	276	293
20	275	389
24	276	288
3	295	309
25	316	358
15	276	288
1	278	290
3	278	290
19	277	289
38	278	290
25	278	290
7	415	439
30	279	291
32	279	295
34	278	291
40	280	309
39	281	293
13	281	295
41	313	339
19	296	315
24	304	371
23	283	301
7	306	357
9	286	298
7	287	299
4	287	307
28	290	302
39	294	312
33	290	302
34	291	310
30	303	352
2	292	378
17	307	368
21	294	306
27	296	349
36	296	365
25	293	305
10	295	307
32	295	307
13	350	377
29	296	308
14	296	308
15	297	351
16	298	352
0	302	336
31	301	366
37	303	383
9	302	314
11	306	381
32	308	353
33	306	318
29	311	374
6	314	348
40	308	340
8	308	348
1	307	341
23	316	367
19	314	352
13	311	350
39	312	332
28	315	380
12	312	395
35	313	325
9	314	358
21	313	359
3	314	330
10	315	331
4	314	368
34	318	360
33	319	357
6	353	381
3	333	354
10	330	348
39	331	368
35	334	371
41	343	382
40	344	379
30	395	407
10	348	368
15	350	392
1	349	378
0	349	387
27	350	375
37	414	438
3	353	366
33	356	368
19	358	389
32	356	371
22	357	369
7	356	368
21	358	396
8	358	370
5	359	381
38	360	375
34	362	384
14	363	375
33	368	397
30	368	380
9	369	381
4	370	386
26	369	383
8	371	383
7	372	384
39	373	385
18	373	385
27	374	386
23	374	386
38	376	390
6	383	397
32	379	392
35	378	390
31	382	394
34	384	396
11	384	398
9	386	400
29	386	398
2	387	400
18	388	400
16	387	399
41	391	403
39	392	404
23	392	404
32	393	405
5	403	415
14	393	405
27	394	415
17	395	407
39	497	511
38	437	453
6	398	410
31	398	410
20	397	419
38	397	409
7	475	493
21	398	410
37	399	411
36	398	418
16	399	411
23	403	418
41	402	414
40	408	422
18	404	416
12	408	420
35	404	416
2	406	429
0	410	424
33	407	419
14	407	419
8	408	420
5	415	427
30	417	429
19	410	422
4	411	423
6	410	422
34	421	449
14	419	432
11	417	429
33	418	436
16	418	430
39	418	430
24	417	435
38	420	432
1	421	434
29	436	448
10	421	435
26	422	446
4	422	434
6	425	437
0	424	436
9	424	436
18	427	441
12	427	439
5	426	457
16	429	453
20	429	441
4	433	446
22	429	441
13	429	454
0	435	457
11	430	442
27	431	443
19	432	444
30	432	448
39	435	451
2	436	448
8	436	454
26	450	473
24	437	451
36	439	460
23	439	458
17	453	476
35	441	455
25	442	455
20	488	506
33	441	453
18	447	459
14	448	463
28	445	457
2	448	460
30	449	473
10	449	461
3	451	463
9	450	462
7	454	466
37	455	467
39	456	468
11	462	478
34	459	487
4	458	470
20	459	471
6	460	472
9	462	474
25	465	477
16	466	482
32	465	479
1	466	478
24	468	480
29	468	480
39	468	480
36	470	482
12	470	482
26	473	485
28	473	485
41	479	491
31	476	493
4	491	514
33	478	497
15	477	489
11	478	490
14	481	497
29	482	494
9	482	495
19	548	588
12	483	495
2	482	502
40	485	497
39	484	496
24	484	496
3	486	513
32	504	519
0	486	498
36	492	504
13	491	503
17	493	505
41	492	524
31	495	507
27	495	507
31	509	543
18	497	519
23	499	511
26	501	517
25	500	512
30	501	513
33	503	515
28	502	514
24	502	514
35	503	515
1	506	531
22	508	520
17	508	548
34	509	526
36	511	524
37	518	532
3	512	524
2	512	524
20	513	562
40	513	525
39	515	534
10	515	527
18	531	558
6	516	562
15	516	528
14	517	529
12	517	534
5	518	530
24	518	530
25	517	560
30	517	533
32	518	537
13	519	531
36	525	539
9	522	537
21	521	533
26	522	534
27	524	538
11	527	539
4	526	547
21	536	548
2	528	540
0	528	550
14	528	540
7	528	540
41	529	541
34	530	547
38	529	541
28	529	541
23	530	542
16	532	544
15	532	548
19	531	543
36	558	591
23	567	579
22	534	547
33	535	547
39	534	546
24	543	572
5	535	572
26	537	549
12	537	549
3	537	559
27	539	551
13	538	554
35	540	560
11	540	552
28	541	556
32	543	580
31	544	562
41	545	557
37	544	565
36	545	557
17	588	607
9	545	559
2	548	566
23	549	561
29	550	568
26	550	563
12	550	562
8	551	572
33	551	564
34	552	573
38	554	571
30	554	571
40	555	581
12	564	576
21	558	570
0	558	570
1	559	579
9	560	583
11	560	607
33	566	603
39	562	574
28	564	590
13	565	582
15	564	576
17	563	575
41	564	576
37	564	580
18	564	588
7	565	579
6	567	579
20	568	580
30	570	582
16	571	583
0	572	584
3	573	585
2	572	591
8	575	616
32	587	609
17	576	588
15	577	589
24	576	603
35	576	591
6	581	596
39	580	592
23	580	619
20	581	593
27	585	602
37	584	613
35	591	619
10	584	596
0	586	614
12	586	598
1	586	598
16	587	599
40	586	598
21	587	599
18	587	599
34	589	601
7	596	617
30	589	609
41	590	602
26	590	602
28	591	612
4	591	610
22	608	620
3	593	606
38	594	616
36	594	610
29	594	612
39	594	616
20	605	620
6	599	617
1	597	609
10	597	619
40	599	620
25	600	621
15	603	620
16	602	614
11	607	619
31	602	619
1	609	621
2	607	619
3	608	620
12	607	619
34	609	621
5	608	620