20	36	60
19	68	89
9	51	65
6	24	38
35	26	51
24	28	42
0	30	44
3	32	58
1	33	47
41	34	48
9	66	101
33	36	69
29	47	61
11	79	93
12	50	81
18	38	56
15	38	54
25	39	53
5	39	57
22	49	63
10	40	54
6	40	55
19	43	57
11	43	57
36	44	69
26	44	58
2	45	59
40	56	70
13	46	60
14	47	61
21	48	63
4	51	65
1	50	67
41	51	83
17	52	66
0	55	70
23	53	70
24	66	80
14	58	84
5	59	90
32	65	80
7	58	72
25	61	90
22	60	74
27	71	93
34	63	77
30	62	80
13	89	114
33	67	81
37	68	86
3	68	82
23	68	82
13	71	85
0	71	85
38	70	90
40	72	87
41	83	101
1	75	98
36	75	89
26	78	95
24	79	93
30	79	93
21	81	95
40	84	98
37	83	97
6	103	122
36	89	103
19	91	110
3	93	107
26	93	107
23	95	109
14	97	114
8	97	111
37	98	116
18	99	113
38	100	119
10	102	116
16	130	144
34	105	119
24	105	119
11	106	120
35	107	121
5	109	123
25	109	123
8	108	135
19	108	122
14	111	125
30	116	138
0	113	127
3	117	136
20	116	130
21	118	132
24	118	132
28	121	135
32	123	137
17	132	146
22	126	140
0	126	140
37	127	141
21	131	145
19	131	150
38	132	146
31	132	146
27	137	154
35	134	148
36	134	148
29	134	148
2	135	149
14	137	151
23	138	152
30	139	153
32	143	157
12	147	161
41	150	164
18	153	170
30	152	166
1	154	168
17	159	181
34	165	179
19	170	184
20	173	187
7	269	289
40	178	192
33	179	193
3	185	199
12	185	199
1	187	201
23	191	205
30	188	202
6	203	228
26	195	209
4	201	224
37	198	212
20	199	213
41	200	214
16	201	215
27	203	217
12	208	224
36	206	220
29	208	224
10	211	225
19	212	226
8	212	226
34	212	226
32	266	297
39	214	228
38	215	229
30	214	228
18	215	229
17	220	250
41	220	234
36	222	236
9	223	237
24	223	237
16	224	238
8	225	239
19	227	241
37	227	241
14	228	246
21	228	242
27	232	248
29	231	245
41	231	245
35	233	247
0	235	249
32	234	248
24	270	286
6	237	251
23	237	251
33	237	263
34	237	270
24	239	258
7	241	262
28	242	256
39	242	256
3	246	266
2	245	259
32	247	262
37	254	272
4	246	260
11	248	273
13	265	302
19	250	264
15	251	265
26	253	267
23	255	269
41	254	268
39	255	269
29	257	273
31	257	271
17	259	273
24	259	273
9	258	272
0	260	274
1	260	274
12	261	278
25	263	277
16	267	281
21	263	277
15	265	279
18	266	280
24	320	339
10	268	292
22	269	283
39	269	285
20	271	288
37	269	283
21	274	288
40	271	311
6	272	286
9	280	294
30	305	329
1	273	287
38	274	288
8	276	290
18	277	291
31	278	305
12	277	291
29	279	293
5	280	295
25	280	308
11	281	295
33	281	306
19	282	296
16	287	301
22	281	349
0	282	296
20	286	313
39	284	298
35	287	310
4	287	304
17	286	300
26	293	307
33	317	343
14	289	361
36	288	302
18	291	305
34	290	304
11	296	371
41	293	307
24	297	319
38	294	308
2	295	330
28	295	353
15	296	335
37	298	312
18	310	372
21	298	312
3	299	321
10	306	365
7	302	319
31	305	358
13	307	367
34	304	318
39	303	343
37	311	332
9	304	347
23	305	348
26	306	338
4	307	350
25	307	330
27	307	327
16	308	322
6	318	343
36	312	326
5	311	331
21	314	328
17	313	352
40	317	359
34	317	338
3	318	340
19	327	349
29	319	334
12	319	337
38	320	345
35	320	334
1	321	337
36	326	359
16	327	352
27	327	355
2	328	352
8	329	359
41	330	355
7	330	368
21	331	368
5	334	365
1	334	348
20	335	362
29	334	351
25	335	351
33	350	367
34	336	366
12	337	351
24	336	366
3	338	361
32	339	353
35	346	374
30	342	360
9	344	358
12	348	362
4	347	386
26	348	372
38	349	363
16	349	371
0	350	364
2	350	365
6	395	409
41	354	372
17	363	378
28	356	371
40	356	378
23	357	371
6	358	372
36	359	373
15	360	374
30	365	379
22	361	375
8	363	377
12	364	378
34	368	384
5	364	382
38	366	384
14	364	378
19	367	391
1	367	389
21	372	386
2	368	382
16	368	382
39	368	382
10	370	384
33	371	385
32	369	383
13	372	386
11	372	386
6	371	385
26	371	385
23	373	387
9	374	388
7	376	391
20	380	398
3	379	393
8	379	393
2	379	399
7	391	405
26	384	398
4	427	444
32	386	405
33	386	400
23	385	399
1	386	400
20	396	410
16	390	404
10	392	415
40	392	406
0	393	407
38	397	411
29	395	409
8	396	410
21	395	409
35	396	426
19	396	410
13	397	419
12	398	412
15	401	415
36	401	415
26	403	417
14	408	422
25	408	426
8	409	423
40	408	422
24	412	426
18	412	426
15	415	429
6	418	432
1	417	431
11	419	433
5	419	433
9	422	436
10	422	436
39	424	438
0	427	451
37	426	446
13	428	442
14	429	443
18	430	444
15	431	445
21	432	446
24	432	446
8	434	448
23	437	451
11	437	451
31	440	454
5	440	463
16	442	459
15	444	458
8	445	464
39	465	506
26	445	459
37	447	461
19	452	466
13	458	475
34	453	467
39	454	468
20	456	470
14	455	469
22	456	470
17	456	470
16	461	477
37	463	477
5	463	477
23	462	476
19	465	479
27	465	479
41	472	489
33	469	487
18	470	484
35	472	505
11	472	486
2	473	487
34	483	497
20	474	488
14	479	493
30	487	501
21	479	493
15	479	493
38	483	497
7	483	497
6	484	498
28	485	506
10	489	503
37	494	508
8	495	516
21	495	509
6	498	512
5	509	523
2	499	517
26	500	514
17	560	574
23	502	516
40	502	519
1	504	518
24	505	519
21	506	520
15	505	519
29	506	520
20	506	529
31	505	529
13	510	554
36	509	528
32	513	537
4	514	546
10	514	528
3	515	544
39	516	530
28	517	531
15	519	533
16	522	543
25	520	539
7	518	540
9	521	535
38	521	535
35	520	549
5	523	537
36	525	542
8	528	542
21	529	549
27	531	545
23	531	545
38	532	546
0	532	546
11	533	547
1	534	548
37	534	548
20	534	548
31	535	549
34	537	569
10	542	556
7	537	552
40	538	555
17	543	557
29	544	565
22	548	563
26	546	560
35	546	560
21	548	576
20	548	565
30	549	572
3	549	567
8	554	575
28	549	563
31	549	569
4	549	563
25	554	569
11	550	564
13	554	568
9	554	568
27	555	579
10	556	570
35	557	571
40	557	571
39	557	571
38	558	572
14	559	573
18	561	583
37	560	583
32	562	583
15	565	579
13	566	580
28	567	594
12	567	581
29	569	583
20	571	587
10	570	584
14	570	592
26	602	622
35	572	586
4	574	588
40	572	595
36	574	588
0	574	588
38	577	594
7	579	594
37	580	594
2	580	594
30	583	597
21	584	601
5	582	605
25	585	606
17	584	598
34	584	598
6	584	598
31	585	599
13	586	609
10	588	602
27	588	602
24	594	617
22	591	606
7	591	613
38	600	620
16	593	607
8	594	608
23	595	609
18	595	609
30	598	617
28	598	612
19	600	614
33	607	622
39	603	617
27	603	617
29	606	620
1	605	619
34	607	621
2	607	621
0	608	623
28	609	623
35	609	623
21	609	623