22	19	29
33	23	33
2	23	33
6	26	54
25	29	48
4	30	42
38	30	40
1	31	41
15	48	67
23	32	47
34	32	42
29	33	59
36	33	43
37	33	56
39	41	55
9	38	48
10	39	49
8	40	50
33	41	51
16	43	53
5	43	53
20	44	54
41	44	54
1	46	56
22	47	57
25	49	59
3	47	57
7	49	64
17	48	68
21	50	60
18	50	60
34	51	61
2	51	61
27	53	63
27	64	82
24	53	64
32	53	63
11	54	64
38	55	65
4	55	65
31	62	74
0	57	67
13	57	69
9	58	68
8	60	70
33	60	71
30	61	78
19	61	71
23	63	73
39	63	81
6	62	72
33	72	84
36	66	76
14	65	75
41	67	77
20	69	79
4	70	80
12	71	92
10	72	82
2	78	88
32	74	84
8	73	83
11	76	86
35	75	85
28	75	85
9	75	85
29	77	87
37	76	86
40	77	95
14	106	118
26	78	103
25	79	89
20	80	90
16	81	91
21	82	92
23	84	94
30	83	93
15	88	102
20	92	102
19	89	99
6	110	128
5	91	101
29	93	103
36	92	102
17	111	125
12	96	106
37	96	114
0	96	109
38	99	109
28	100	110
21	101	111
33	102	112
5	104	120
7	103	113
8	106	116
34	108	118
10	112	122
3	117	127
40	115	125
41	115	125
36	117	135
27	148	169
16	118	128
2	119	129
24	126	137
19	119	129
12	121	131
21	123	133
9	125	135
37	128	147
0	129	139
3	150	162
23	132	144
7	132	142
31	131	141
14	133	143
22	133	143
36	136	146
17	137	147
4	140	150
38	141	151
26	143	153
29	145	155
33	146	159
16	146	164
40	148	158
34	155	165
18	166	176
26	165	175
21	169	179
2	168	178
32	171	181
22	173	183
1	175	185
20	176	186
41	183	193
25	201	215
7	188	198
36	200	210
5	192	202
23	195	209
4	192	202
8	195	205
13	194	204
24	228	238
31	198	211
41	200	210
7	200	210
30	200	210
18	204	214
9	202	212
15	206	216
4	207	224
19	207	221
3	208	218
3	221	232
13	210	224
12	210	221
35	209	219
25	220	259
41	211	221
9	213	223
16	215	225
6	215	233
7	233	245
8	218	228
32	217	227
38	223	233
18	224	234
30	226	236
33	226	244
34	227	238
20	269	290
31	230	240
40	230	240
3	233	243
35	233	243
23	233	243
1	234	244
19	236	246
10	283	355
8	240	250
15	242	252
34	242	252
37	243	253
5	246	256
35	247	257
11	246	262
29	247	258
3	248	258
21	248	262
31	247	257
10	248	258
5	266	276
36	253	276
2	256	266
1	255	265
17	256	266
40	258	268
33	259	279
8	326	352
27	262	284
35	262	272
41	268	279
19	262	272
6	263	282
4	265	275
3	272	282
7	267	277
15	268	278
14	271	283
37	268	281
22	280	303
29	271	281
38	273	283
28	282	292
32	275	291
16	279	289
11	277	287
13	277	287
7	281	293
18	277	292
12	280	290
15	284	296
30	281	297
1	283	293
9	294	335
4	283	293
39	284	294
24	319	354
20	303	329
19	291	301
33	288	315
34	289	299
5	288	301
3	288	298
36	290	300
6	292	345
27	292	302
39	303	313
24	293	303
35	294	304
38	296	307
7	312	334
40	306	357
32	298	316
41	300	327
18	300	310
14	303	329
23	302	312
28	303	355
25	311	333
5	304	320
1	304	326
37	319	352
37	304	318
22	306	316
19	313	323
31	305	315
0	305	315
8	305	317
29	308	321
35	308	318
38	313	348
12	308	362
3	308	318
11	310	360
27	310	328
16	311	338
15	311	324
21	313	342
18	312	322
13	313	329
39	314	361
2	313	358
26	318	340
30	317	343
31	317	327
34	317	343
4	319	360
36	319	359
22	321	346
3	322	333
5	322	359
25	335	356
33	323	335
29	324	350
19	324	334
1	331	360
35	326	339
13	334	350
31	328	351
14	332	348
20	330	340
32	329	346
15	329	368
27	332	355
18	331	345
17	332	342
9	338	359
0	336	346
30	346	358
23	336	347
3	335	364
7	336	346
41	338	348
17	347	358
16	341	351
11	381	401
19	343	353
21	344	356
26	366	378
20	346	367
35	348	358
34	348	365
26	348	361
0	348	358
6	349	367
32	352	374
41	357	368
33	354	381
35	362	379
2	359	371
19	360	370
13	361	377
16	361	379
5	361	371
18	362	372
40	362	372
1	372	387
10	363	373
24	364	374
17	364	374
29	367	409
21	365	383
0	364	374
3	368	390
39	369	379
34	369	386
6	369	379
41	372	382
18	373	393
36	375	385
40	399	409
9	375	395
4	379	389
17	380	390
0	383	393
15	385	395
16	386	396
30	387	397
36	387	397
24	391	401
0	437	450
7	395	405
25	394	404
32	395	405
19	401	411
1	401	429
27	400	410
4	403	413
26	404	414
5	405	415
2	405	415
21	407	418
20	408	418
24	410	420
40	411	421
22	413	429
6	415	434
33	416	426
28	416	426
8	417	427
7	417	427
19	507	539
4	418	428
2	421	431
36	426	446
27	426	446
18	427	437
4	429	439
34	430	440
29	431	441
13	434	444
22	434	444
35	436	446
16	436	446
18	440	450
28	440	450
30	449	460
38	442	452
37	452	462
8	455	470
22	447	457
21	523	547
36	449	469
31	449	473
1	452	462
17	454	472
13	458	468
21	459	469
3	460	470
29	469	481
33	466	476
4	467	477
25	471	490
32	473	488
38	471	481
14	471	483
37	473	488
19	474	484
18	476	486
2	477	494
1	478	488
41	480	490
3	479	489
33	480	490
39	483	494
14	484	494
5	486	496
30	486	496
22	487	497
15	489	505
24	489	512
10	490	500
31	492	502
21	495	505
6	498	508
14	502	515
3	503	514
38	504	514
18	504	514
35	506	516
0	507	519
36	506	516
40	507	517
6	511	521
26	511	521
28	511	521
30	513	530
11	514	533
39	513	526
15	515	539
41	516	526
33	516	527
2	517	547
14	517	527
16	517	527
17	519	529
31	519	529
22	520	543
5	520	530
10	521	537
24	522	532
13	522	532
4	523	533
32	524	545
27	525	535
35	526	545
12	534	544
8	529	549
23	528	538
7	567	577
36	531	541
39	531	541
29	532	542
18	532	548
30	534	544
40	541	580
9	537	547
7	537	547
34	539	549
20	538	548
38	537	548
3	540	550
13	541	551
19	542	552
1	543	553
23	543	553
28	545	566
10	546	556
37	545	562
26	545	555
24	545	555
16	549	559
29	548	564
2	550	560
33	550	560
20	550	560
4	549	559
7	552	562
31	552	562
19	554	565
17	554	571
6	555	565
8	557	576
26	558	582
35	559	569
33	561	571
41	561	571
30	561	581
20	561	571
21	562	580
15	565	575
1	566	576
11	569	582
28	567	577
39	567	577
18	567	577
6	568	578
10	570	580
24	571	581
22	572	582
34	571	589
3	572	593
13	573	583
4	573	583
9	575	585
36	577	587
27	580	590
6	580	599
20	581	596
1	581	591
18	583	593
2	584	600
31	584	598
26	584	594
37	587	605
30	586	596
28	587	597
26	597	607
25	589	599
29	593	603
14	593	606
15	594	606
35	592	602
36	593	603
41	602	612
13	596	606
16	596	606
27	598	608
38	598	608
29	605	617
6	600	610
23	604	614
0	599	609
18	599	609
10	602	612
39	603	613
35	604	614
28	604	614
40	603	613
21	606	616
37	606	616
8	606	616
5	606	618
34	606	616
20	605	619
12	605	615
3	607	619
9	607	617
15	607	619
14	608	618
16	609	619
31	608	618
33	609	619