10	55	67
26	81	100
7	35	59
16	24	32
39	35	70
9	25	41
31	25	33
19	27	42
11	31	53
36	28	39
25	31	46
22	31	39
21	31	39
1	33	41
15	34	44
41	34	45
13	34	42
3	35	43
21	42	55
32	36	55
40	36	54
8	37	55
25	58	68
23	37	71
31	37	45
4	37	61
18	37	45
38	38	55
35	38	46
1	46	55
29	41	49
10	42	52
22	43	51
33	51	65
20	52	60
28	44	75
3	46	54
6	47	62
13	48	56
9	46	65
2	46	54
37	46	84
18	49	96
36	51	59
27	52	60
24	54	62
41	53	61
29	57	65
17	55	63
26	57	65
8	58	66
30	59	82
13	60	78
16	61	79
19	60	73
38	60	75
35	62	79
1	62	74
40	64	73
32	65	73
3	66	74
15	65	83
31	66	74
41	66	74
36	67	78
33	68	79
34	68	76
17	70	84
6	70	87
9	70	87
5	70	103
22	72	84
20	73	81
14	73	85
11	73	81
12	73	81
21	76	86
29	78	87
38	79	87
19	80	91
8	81	94
33	82	90
4	81	89
3	81	95
25	83	99
1	81	94
28	82	90
34	83	91
10	83	91
40	84	105
35	87	98
36	111	125
22	88	96
11	87	95
15	89	97
17	89	97
24	89	97
32	92	100
38	92	100
31	93	101
12	94	103
13	94	102
14	201	209
16	96	104
10	98	107
3	98	106
20	106	114
11	100	108
7	100	112
15	101	109
6	102	110
35	102	110
8	103	111
13	106	114
0	107	116
37	109	117
38	108	118
33	110	128
21	112	120
2	113	131
34	114	122
15	118	127
19	117	138
20	117	125
7	119	131
34	126	145
18	118	140
41	120	128
27	120	128
3	120	128
24	121	129
30	127	148
23	125	137
4	125	143
8	126	134
11	127	148
40	131	150
36	129	137
25	130	138
9	132	140
39	131	139
14	133	141
35	154	163
27	134	142
24	136	144
37	135	158
3	135	153
15	154	163
12	137	145
13	138	151
8	141	149
38	142	150
26	145	153
28	145	157
7	147	155
0	148	156
39	147	155
10	149	157
14	158	167
33	150	172
30	153	169
1	152	160
36	153	161
18	154	162
41	156	164
39	158	166
27	159	167
4	160	168
23	161	169
34	160	168
13	162	180
19	163	172
28	166	174
40	165	173
21	175	192
12	168	176
32	170	178
24	171	179
16	171	179
0	172	185
26	171	179
10	173	185
7	174	182
25	173	188
39	174	182
1	176	192
5	178	194
41	178	186
37	179	187
14	180	188
32	182	190
11	182	190
28	188	206
27	185	194
31	189	203
40	185	193
30	186	194
16	187	195
9	189	199
10	189	197
39	191	199
37	191	200
41	191	199
6	191	201
26	195	203
13	197	214
24	197	208
35	200	208
10	201	209
19	203	215
17	203	211
25	203	211
27	202	210
3	205	215
5	245	271
31	206	214
36	207	215
34	208	217
21	207	220
15	209	227
12	211	219
7	210	218
35	212	225
9	214	222
27	216	224
11	216	259
31	217	232
4	216	224
36	219	227
3	219	227
5	219	227
30	221	235
1	224	232
21	223	231
35	275	365
33	223	244
16	225	237
26	228	236
9	228	236
32	231	243
24	228	236
25	229	237
41	229	238
35	230	254
34	231	239
20	233	241
3	232	240
8	274	283
12	233	259
7	236	261
28	237	245
19	236	244
10	238	246
40	239	250
9	239	249
33	256	265
21	244	262
2	262	282
24	283	308
25	243	256
20	246	266
1	313	369
0	246	254
18	246	257
30	245	273
6	246	264
41	247	255
36	248	267
34	251	271
1	252	260
9	253	261
26	255	268
13	255	267
22	256	308
23	257	275
17	257	265
39	260	268
31	263	271
38	260	292
32	261	269
40	262	271
41	261	269
29	262	281
16	264	273
3	264	272
12	271	279
9	265	273
24	265	279
33	268	279
6	277	307
0	268	276
15	269	286
19	270	284
34	316	332
25	270	290
28	270	278
17	270	284
32	272	280
18	271	282
41	273	294
10	273	281
20	273	281
1	275	283
37	283	314
4	276	295
13	279	350
14	278	308
9	279	347
36	281	294
16	280	288
23	282	295
34	282	300
39	282	368
21	284	300
28	285	293
40	286	298
10	286	352
20	287	295
29	287	325
19	289	297
0	288	308
26	289	360
3	291	302
27	289	297
38	320	360
1	293	309
33	292	362
17	292	367
8	292	357
2	304	320
31	317	377
18	294	331
7	296	345
23	301	341
5	296	369
25	297	313
32	297	314
12	297	324
41	305	371
38	298	306
28	298	392
31	297	310
15	299	367
20	301	370
30	303	372
27	303	347
31	393	406
24	314	337
16	305	342
11	305	354
21	306	370
3	306	369
4	307	315
36	309	355
40	308	322
25	318	342
22	311	371
14	312	338
19	314	368
6	315	355
32	317	368
37	319	351
0	320	347
4	321	339
2	327	351
40	325	366
12	327	338
16	367	378
18	336	371
34	335	356
33	367	378
29	336	344
14	342	360
2	376	399
27	350	361
23	345	354
24	346	360
29	348	387
0	350	382
7	351	371
9	354	377
4	356	364
2	357	367
25	358	366
23	358	366
38	384	397
13	359	367
10	360	368
10	372	383
11	362	370
34	362	370
37	370	378
8	367	399
25	369	380
24	370	388
12	373	381
13	373	389
4	374	389
19	374	382
39	374	385
17	374	395
39	388	398
36	375	383
18	377	395
22	379	387
41	380	388
11	384	399
3	382	390
33	383	391
26	386	394
7	388	411
0	387	401
35	388	396
32	388	396
21	389	408
25	395	404
15	391	399
14	394	419
36	395	403
19	397	415
41	397	405
16	396	404
13	399	408
6	433	451
20	399	410
15	407	416
34	401	409
35	405	413
25	407	415
39	406	414
2	407	415
33	409	417
4	409	417
12	408	416
0	410	420
18	411	430
11	411	429
21	417	432
13	414	423
9	415	423
34	415	423
17	416	424
28	419	429
39	419	437
27	418	426
4	420	428
29	421	429
22	422	434
25	425	433
20	424	448
9	426	435
24	425	433
38	425	433
3	427	435
14	427	437
7	428	440
34	428	436
23	429	437
33	429	454
10	429	437
2	435	456
35	430	438
16	430	448
5	439	448
25	436	456
41	433	450
12	433	441
37	434	479
18	435	443
38	437	445
19	437	445
29	439	447
31	438	451
3	439	447
40	440	457
27	445	453
4	446	454
20	453	466
21	447	455
17	449	457
18	448	456
35	449	466
12	450	458
1	452	460
7	454	462
14	456	464
29	457	465
3	457	469
23	459	471
31	464	474
13	516	568
18	476	497
1	463	478
13	462	470
38	480	499
5	465	487
27	467	475
33	466	481
40	509	529
10	469	477
12	468	477
24	468	494
28	503	512
14	471	479
17	473	481
19	472	480
11	475	491
41	475	488
25	477	485
15	478	486
16	481	489
1	482	496
26	482	490
36	483	499
6	482	490
2	485	500
29	485	493
17	484	513
9	486	511
35	487	495
16	492	500
7	489	501
10	490	498
21	497	513
25	491	517
11	511	567
40	495	503
4	496	504
23	496	504
18	504	532
6	497	505
31	496	504
15	497	511
13	498	506
14	502	515
1	500	518
38	505	513
24	500	516
20	502	543
5	501	514
41	503	511
35	506	516
16	506	514
38	548	566
26	507	519
12	510	544
0	605	614
10	547	598
37	512	520
19	517	526
31	513	521
29	513	521
34	515	527
30	518	533
32	519	527
8	518	545
16	521	531
5	519	527
36	519	527
39	520	528
1	521	529
10	521	539
0	521	529
4	522	530
17	522	531
23	522	530
22	526	534
26	526	534
5	532	540
21	528	562
25	527	535
9	527	535
6	529	555
27	531	550
24	534	548
19	537	547
32	531	550
3	533	543
14	533	582
31	533	555
36	534	542
28	534	555
34	533	544
41	535	544
2	536	555
23	537	555
4	536	558
30	538	558
7	537	555
37	538	546
33	540	553
22	544	563
9	544	560
39	543	568
0	543	553
1	545	553
5	545	553
35	548	578
20	549	557
37	549	557
29	549	557
3	549	614
16	549	558
40	549	575
26	603	614
19	552	594
18	554	564
16	585	593
34	554	567
27	554	562
1	558	566
0	561	571
26	559	584
8	559	567
2	560	570
27	577	595
22	568	582
7	562	570
41	563	571
6	568	576
29	563	574
33	563	571
15	565	590
12	565	573
24	565	581
31	567	581
30	569	577
32	569	589
38	570	578
28	570	591
9	573	585
13	573	581
5	573	592
18	575	588
33	574	582
39	577	585
11	577	601
7	586	602
0	577	585
34	576	590
36	578	587
2	582	594
38	582	598
20	584	594
37	588	596
21	588	606
23	585	615
24	586	594
14	594	615
26	590	598
22	588	596
25	590	598
12	590	598
28	598	616
6	590	598
32	593	603
13	591	599
40	593	611
24	598	606
18	594	602
4	595	608
31	596	614
29	595	609
39	600	612
33	597	614
22	601	615
41	603	617
37	600	608
27	601	616
6	602	610
36	606	616
17	605	617
5	605	613
10	605	616
35	606	614
9	606	614
34	606	614
32	607	615
11	607	615
25	608	616
15	609	617