33	29	69
5	25	57
17	25	73
15	31	79
30	25	49
20	29	73
24	27	58
32	26	43
10	27	38
38	34	87
28	32	94
19	29	53
9	36	78
31	32	66
22	34	75
29	35	69
0	36	47
8	39	80
40	41	52
25	37	94
37	35	68
23	36	62
13	32	63
35	32	65
11	38	56
27	39	50
18	40	55
4	27	59
3	32	59
10	42	69
41	40	52
6	45	97
34	48	59
39	46	81
36	50	68
12	50	66
7	59	78
14	60	72
27	62	76
30	63	73
11	67	128
26	72	84
2	73	83
16	70	88
5	75	94
19	73	84
24	79	92
30	84	94
7	86	98
37	87	101
15	90	104
27	101	111
20	108	130
31	118	130
15	123	134
3	129	144
31	135	162
38	169	183
0	181	191
22	198	213
18	232	249
28	229	270
26	224	238
22	229	239
20	229	239
27	236	248
19	240	250
19	251	387
20	254	271
16	246	343
17	262	276
30	255	282
15	261	272
11	265	278
3	263	282
13	263	273
27	263	371
1	259	282
33	270	280
28	272	282
21	258	283
24	270	341
4	264	282
36	274	284
31	277	344
38	270	301
12	273	285
23	268	282
5	272	299
9	260	362
34	273	286
15	281	291
2	280	362
18	280	292
13	283	301
34	287	375
35	290	300
25	286	343
29	284	305
28	286	377
40	287	300
12	292	357
33	290	313
10	292	352
26	295	372
39	290	302
32	293	334
1	290	301
30	295	365
22	296	370
15	293	368
36	296	335
11	295	367
3	296	344
14	296	330
20	295	305
37	290	372
17	298	350
5	300	353
13	304	357
8	301	366
21	302	365
4	303	332
39	303	365
1	304	367
38	304	369
41	303	348
18	302	346
20	306	353
7	305	369
29	308	348
6	307	343
40	307	336
0	307	370
23	315	391
33	315	336
35	331	344
14	333	348
4	335	349
24	342	362
6	345	371
16	347	363
18	351	364
14	355	370
36	352	373
25	345	366
3	355	366
40	365	375
15	370	401
11	371	388
20	373	388
33	375	385
5	374	384
38	382	392
13	375	388
7	386	396
37	388	398
5	400	419
35	394	412
17	410	420
33	405	423
41	411	429
30	419	449
22	417	434
33	424	437
32	423	441
23	429	441
17	434	452
13	440	454
30	451	461
29	462	481
4	471	481
30	478	516
21	473	492
35	482	497
29	487	506
26	486	502
22	493	517
31	499	529
24	488	519
9	500	510
40	500	519
23	500	510
29	509	519
14	509	527
8	512	540
17	512	524
6	514	529
27	507	551
28	514	528
23	522	546
39	514	536
4	516	536
29	522	536
40	523	539
35	528	569
9	514	543
17	527	560
20	519	542
6	534	567
13	525	546
4	537	565
18	538	555
26	541	557
39	540	551
15	534	555
14	540	560
34	543	559
2	543	559
33	538	561
16	551	568
8	548	559
41	555	574
18	558	568
7	560	578
9	559	571
37	549	572
11	563	583
1	566	584
38	566	587
3	567	584
16	569	582
4	570	580
17	567	590
34	565	580
26	572	605
31	572	582
8	564	585
15	571	581
35	571	584
0	579	590
22	579	617
37	586	617
19	585	595
16	591	615
8	590	615
38	593	608
4	595	617
5	594	606
41	592	613
24	600	614
35	599	611
31	585	615
21	602	617
30	607	618
6	23	33
2	39	56
36	38	49
21	41	51
0	49	59
32	53	72
41	54	70
4	61	71
3	62	72
23	67	77
28	113	125
31	68	78
17	75	85
14	76	93
35	78	88
13	77	87
3	78	88
41	78	88
1	81	91
40	87	97
39	92	110
9	88	98
33	90	100
22	91	101
0	91	101
19	93	103
17	92	102
32	96	106
26	101	111
1	103	113
29	104	114
35	105	115
15	106	116
30	108	118
6	112	122
22	113	123
0	114	124
32	115	125
39	116	127
36	127	137
41	121	138
6	123	133
29	126	136
25	128	138
38	130	145
26	129	144
4	130	140
12	132	142
17	133	143
1	140	150
23	138	148
15	141	151
24	142	152
7	145	155
21	144	154
3	147	157
38	149	159
1	151	172
37	150	160
30	158	168
25	161	171
8	163	173
41	163	179
26	165	175
31	166	176
16	166	176
35	168	180
19	171	181
8	177	187
41	180	190
33	183	203
26	186	196
1	192	202
7	191	201
3	193	203
13	196	206
19	197	207
28	197	207
25	199	209
30	198	208
29	199	209
40	202	220
18	203	224
27	204	214
11	206	216
31	207	217
38	207	223
33	212	230
8	210	229
22	216	226
2	212	223
17	216	226
32	216	226
41	217	227
0	221	231
27	222	233
4	222	232
5	223	233
16	225	241
1	224	241
7	228	260
19	229	239
36	228	238
12	230	246
38	234	244
40	234	244
31	233	243
37	240	250
41	241	251
30	244	254
31	245	257
17	247	259
22	246	256
29	247	257
9	248	258
13	249	259
26	253	265
5	253	263
22	259	276
25	262	272
41	263	273
10	268	280
25	275	285
23	283	293
3	283	295
6	283	293
23	295	305
35	313	323
40	337	347
31	348	358
35	349	359
13	362	372
24	363	373
9	368	382
8	369	386
25	375	388
32	369	381
17	371	381
29	373	383
1	377	398
40	379	392
23	392	403
30	390	400
32	392	402
36	394	404
4	398	408
40	415	425
37	401	411
11	405	415
20	402	412
1	421	432
0	408	418
4	414	424
6	416	426
39	418	428
35	418	428
15	423	433
18	423	433
36	424	434
12	425	435
9	426	436
16	428	438
2	431	441
2	447	457
37	436	447
11	437	447
27	441	453
8	442	452
36	443	453
29	444	457
28	447	457
39	450	464
41	451	461
34	452	462
6	453	463
3	455	470
40	458	472
10	458	468
22	460	470
14	459	476
27	461	471
41	463	473
18	465	475
2	466	476
32	468	486
8	470	480
16	473	489
5	473	483
25	472	492
7	474	494
24	475	485
40	483	496
1	478	494
0	482	492
20	487	497
11	486	496
14	489	499
8	492	502
16	499	509
21	499	509
41	501	513
32	500	520
10	504	514
37	504	514
36	504	520
13	512	522
2	514	524
33	521	531
25	521	531
11	522	538
22	523	543
18	522	532
1	522	539
36	524	534
32	527	537
19	529	539
38	529	539
41	529	539
5	531	541
12	530	540
31	532	542
12	554	571
7	537	547
36	539	549
41	540	550
28	540	559
0	540	557
40	541	551
22	544	554
21	546	556
36	550	560
23	550	560
10	553	563
13	553	563
3	554	564
27	555	565
39	556	574
19	558	570
15	559	569
30	561	581
23	562	572
5	566	580
40	565	590
25	566	576
33	568	582
22	568	578
14	568	578
36	570	580
18	576	586
9	582	592
7	584	594
33	584	596
35	588	598
29	588	598
15	588	598
14	593	603
25	598	615
40	600	610
2	603	613
33	604	614
27	604	614
3	604	614
5	608	618