5	32	57
38	82	95
6	27	45
12	41	52
19	64	85
25	22	32
14	26	38
10	43	53
11	31	43
20	27	37
22	29	39
22	46	56
7	30	52
40	31	41
19	31	41
13	31	45
31	47	67
24	32	42
37	33	44
25	33	45
41	34	44
35	34	56
8	65	76
21	35	54
4	36	50
30	39	49
2	40	50
24	43	53
15	44	54
1	45	58
28	45	77
0	49	60
27	47	61
16	47	57
14	52	72
40	49	59
20	49	59
33	51	67
39	52	62
30	53	63
4	54	64
10	70	87
3	58	77
37	59	69
23	59	69
34	61	73
41	60	87
40	62	72
5	64	87
18	67	77
12	67	77
21	67	77
27	68	78
13	68	94
9	68	78
22	68	83
11	70	80
29	73	83
7	73	83
37	75	85
4	74	84
16	76	86
32	77	87
1	78	88
15	79	89
6	80	90
20	82	92
36	85	97
3	85	95
19	86	102
7	87	100
31	89	99
35	90	104
34	92	102
33	93	103
41	91	101
12	94	104
5	94	104
4	96	106
32	95	114
30	95	118
13	97	107
1	99	109
29	99	109
28	103	113
14	102	112
36	106	116
0	113	123
35	107	117
31	108	121
39	108	118
26	110	120
27	114	124
3	114	126
30	119	129
22	123	138
39	121	131
13	120	135
40	121	131
17	123	133
25	123	133
33	122	132
19	126	136
21	127	140
32	130	145
15	132	142
4	133	150
33	135	152
34	136	146
39	136	146
3	154	173
2	146	156
9	147	157
40	149	159
27	149	159
30	151	161
7	153	163
33	157	167
11	158	168
36	160	170
23	160	170
34	162	172
26	166	176
15	169	179
14	170	180
17	174	184
0	176	186
18	181	191
27	187	197
41	182	192
14	186	205
23	187	197
36	188	198
25	189	199
38	194	204
6	194	209
2	196	206
17	332	361
17	198	208
24	253	273
18	202	212
20	204	215
22	206	216
38	206	216
1	208	221
0	206	216
11	211	221
10	211	221
19	215	225
33	214	224
25	217	227
30	218	237
19	250	262
22	220	230
21	221	231
18	220	230
34	221	231
24	222	232
10	222	232
8	223	233
29	223	233
19	226	236
9	284	352
41	231	251
3	255	268
12	242	270
8	234	244
38	235	245
22	235	245
25	237	256
36	238	248
11	246	261
32	238	248
20	240	250
27	243	259
16	244	257
14	246	285
4	252	264
10	248	258
1	250	260
18	250	272
17	250	261
6	251	261
4	271	290
29	263	285
39	252	262
40	256	266
5	255	265
13	260	276
22	273	284
22	261	271
33	264	274
16	263	273
6	264	274
15	280	301
5	266	280
10	266	280
23	267	277
37	268	278
40	269	279
35	270	280
36	280	298
26	275	285
3	275	303
35	322	363
23	279	289
17	277	310
30	277	287
20	280	304
21	279	289
5	286	313
32	280	290
18	284	294
2	281	298
0	282	297
7	282	292
13	281	291
11	283	293
12	283	318
28	285	295
24	286	296
22	285	295
29	288	308
22	313	350
31	288	299
33	290	300
30	309	325
8	290	300
25	301	311
6	292	310
32	294	307
23	294	304
26	296	313
37	297	331
11	297	307
21	297	307
19	296	306
10	298	308
18	302	324
38	297	307
6	312	329
16	301	354
40	302	347
15	302	312
36	302	312
3	305	315
8	305	315
13	305	329
23	306	316
24	306	316
39	313	323
20	310	336
4	307	335
1	307	317
10	309	323
14	307	335
0	308	324
2	309	319
32	308	330
3	316	353
27	313	327
19	311	357
28	313	323
13	361	379
7	314	336
3	355	380
25	315	330
29	315	325
31	320	332
11	316	326
38	318	334
41	325	358
5	317	344
34	319	364
15	318	348
10	324	334
33	321	346
1	322	333
0	326	348
12	323	333
23	324	338
2	323	333
8	323	358
37	386	406
21	323	338
26	326	373
24	328	346
30	328	356
27	329	341
36	331	356
6	330	350
11	332	346
37	332	342
31	333	363
28	332	342
38	335	345
32	336	350
12	334	344
10	340	351
1	337	350
4	336	359
2	337	356
7	337	354
39	336	346
20	337	347
14	338	359
21	339	349
18	340	371
29	343	353
25	345	356
27	377	387
12	345	386
23	346	356
39	348	358
28	349	359
33	349	365
0	349	359
37	348	358
21	357	367
32	351	361
5	353	363
11	352	367
20	354	367
10	354	364
38	356	366
30	357	367
1	356	366
27	359	375
41	360	378
23	369	397
19	361	371
28	365	379
4	365	375
24	364	374
38	369	394
2	365	381
7	366	376
9	375	385
40	371	381
31	372	385
0	373	383
32	377	387
14	378	395
21	377	387
35	418	428
33	383	393
22	382	392
30	385	395
31	391	401
18	393	409
40	397	407
32	397	417
22	401	411
0	401	411
39	406	416
30	409	419
20	409	421
36	412	422
11	412	422
10	419	429
13	419	429
27	459	482
8	422	432
41	422	432
34	422	432
39	421	431
9	424	439
3	424	457
28	425	445
30	425	443
24	429	439
22	430	440
25	429	439
26	430	440
32	434	444
12	441	451
0	437	447
11	437	447
4	437	447
13	437	447
9	444	454
15	440	450
41	439	449
1	443	453
34	450	464
26	453	463
4	454	464
39	454	482
33	460	470
22	457	471
40	457	467
10	463	473
17	466	476
16	468	478
31	472	482
30	480	498
7	475	485
13	476	486
34	476	486
9	477	487
2	477	493
15	476	486
19	481	491
16	484	494
22	484	494
14	486	503
13	489	499
38	492	502
3	491	501
31	499	509
19	498	520
13	503	518
22	497	507
39	498	508
5	499	509
30	501	511
35	502	512
12	501	511
26	504	523
32	507	524
8	506	516
24	508	525
41	508	518
16	509	526
39	511	521
23	513	533
29	514	524
22	516	526
1	516	529
22	533	543
37	517	527
6	518	528
38	520	530
21	521	538
8	521	543
27	523	540
17	523	533
3	527	553
36	526	536
6	529	539
12	529	539
7	571	581
28	531	543
32	530	552
31	533	543
19	532	542
35	532	542
18	534	544
24	536	546
5	535	545
36	537	547
17	538	548
7	538	558
33	549	565
13	537	547
0	538	548
1	540	550
28	553	563
22	548	558
14	542	559
37	543	553
11	544	558
34	546	563
40	547	566
6	546	556
12	550	565
5	550	569
9	551	561
2	552	566
38	553	563
32	553	574
19	552	575
20	554	569
39	554	575
3	554	564
31	558	568
24	556	566
41	559	569
0	558	568
25	561	575
15	560	570
29	560	570
8	562	583
37	562	572
21	563	573
22	564	574
18	567	577
16	570	582
13	566	576
35	566	576
17	569	579
26	568	595
3	568	578
12	570	580
29	573	583
34	573	594
38	573	583
10	574	584
37	574	584
5	581	601
31	586	597
4	582	592
24	583	593
39	583	593
40	585	598
33	585	600
37	585	595
1	588	598
23	588	598
36	587	598
3	587	597
28	595	614
10	591	605
19	593	603
26	596	609
8	596	617
37	597	607
20	597	607
32	605	615
38	599	618
0	600	618
22	600	610
14	601	616
33	601	611
12	605	618
41	604	614
5	605	615
15	604	614
21	607	617
25	607	617
23	607	617
10	609	619
39	608	618
19	609	619