10	55	71
26	81	104
7	35	63
16	24	36
39	35	74
9	25	45
31	25	37
19	27	46
11	31	57
36	28	43
25	31	50
22	31	43
21	31	43
1	33	45
15	34	48
41	34	49
13	34	46
3	35	47
21	42	59
32	36	59
40	36	58
8	37	59
25	58	72
23	37	75
31	37	49
4	37	65
18	37	49
38	38	59
35	38	50
1	46	59
29	41	53
10	42	56
22	43	55
33	51	69
20	52	64
28	44	79
3	46	58
6	47	66
13	48	60
9	46	69
2	46	58
37	46	88
18	49	100
36	51	63
27	52	64
24	54	66
41	53	65
29	57	69
17	55	67
26	57	69
8	58	70
30	59	86
13	60	82
16	61	83
19	60	77
38	60	79
35	62	83
1	62	78
40	64	77
32	65	77
3	66	78
15	65	87
31	66	78
41	66	78
36	67	82
33	68	83
34	68	80
17	70	88
6	70	91
9	70	91
5	70	107
22	72	88
20	73	85
14	73	89
11	73	85
12	73	85
21	76	90
29	78	91
38	79	91
19	80	95
8	81	98
33	82	94
4	81	93
3	81	99
25	83	103
1	81	98
28	82	94
34	83	95
10	83	95
40	84	109
35	87	102
36	111	129
22	88	100
11	87	99
15	89	101
17	89	101
24	89	101
32	92	104
38	92	104
31	93	105
12	94	107
13	94	106
14	201	213
16	96	108
10	98	111
3	98	110
20	106	118
11	100	112
7	100	116
15	101	113
6	102	114
35	102	114
8	103	115
13	106	118
0	107	120
37	109	121
38	108	122
33	110	132
21	112	124
2	113	135
34	114	126
15	118	131
19	117	142
20	117	129
7	119	135
34	126	149
18	118	144
41	120	132
27	120	132
3	120	132
24	121	133
30	127	152
23	125	141
4	125	147
8	126	138
11	127	152
40	131	154
36	129	141
25	130	142
9	132	144
39	131	143
14	133	145
35	154	167
27	134	146
24	136	148
37	135	162
3	135	157
15	154	167
12	137	149
13	138	155
8	141	153
38	142	154
26	145	157
28	145	161
7	147	159
0	148	160
39	147	159
10	149	161
14	158	171
33	150	176
30	153	173
1	152	164
36	153	165
18	154	166
41	156	168
39	158	170
27	159	171
4	160	172
23	161	173
34	160	172
13	162	184
19	163	176
28	166	178
40	165	177
21	175	196
12	168	180
32	170	182
24	171	183
16	171	183
0	172	189
26	171	183
10	173	189
7	174	186
25	173	192
39	174	186
1	176	196
5	178	198
41	178	190
37	179	191
14	180	192
32	182	194
11	182	194
28	188	210
27	185	198
31	189	207
40	185	197
30	186	198
16	187	199
9	189	203
10	189	201
39	191	203
37	191	204
41	191	203
6	191	205
26	195	207
13	197	218
24	197	212
35	200	212
10	201	213
19	203	219
17	203	215
25	203	215
27	202	214
3	205	219
5	245	275
31	206	218
36	207	219
34	208	221
21	207	224
15	209	231
12	211	223
7	210	222
35	212	229
9	214	226
27	216	228
11	216	263
31	217	236
4	216	228
36	219	231
3	219	231
5	219	231
30	221	239
1	224	236
21	223	235
35	275	369
33	223	248
16	225	241
26	228	240
9	228	240
32	231	247
24	228	240
25	229	241
41	229	242
35	230	258
34	231	243
20	233	245
3	232	244
8	274	287
12	233	263
7	236	265
28	237	249
19	236	248
10	238	250
40	239	254
9	239	253
33	256	269
21	244	266
2	262	286
24	283	312
25	243	260
20	246	270
1	313	373
0	246	258
18	246	261
30	245	277
6	246	268
41	247	259
36	248	271
34	251	275
1	252	264
9	253	265
26	255	272
13	255	271
22	256	312
23	257	279
17	257	269
39	260	272
31	263	275
38	260	296
32	261	273
40	262	275
41	261	273
29	262	285
16	264	277
3	264	276
12	271	283
9	265	277
24	265	283
33	268	283
6	277	311
0	268	280
15	269	290
19	270	288
34	316	336
25	270	294
28	270	282
17	270	288
32	272	284
18	271	286
41	273	298
10	273	285
20	273	285
1	275	287
37	283	318
4	276	299
13	279	354
14	278	312
9	279	351
36	281	298
16	280	292
23	282	299
34	282	304
39	282	372
21	284	304
28	285	297
40	286	302
10	286	356
20	287	299
29	287	329
19	289	301
0	288	312
26	289	364
3	291	306
27	289	301
38	320	364
1	293	313
33	292	366
17	292	371
8	292	361
2	304	324
31	317	381
18	294	335
7	296	349
23	301	345
5	296	373
25	297	317
32	297	318
12	297	328
41	305	375
38	298	310
28	298	396
31	297	314
15	299	371
20	301	374
30	303	376
27	303	351
31	393	410
24	314	341
16	305	346
11	305	358
21	306	374
3	306	373
4	307	319
36	309	359
40	308	326
25	318	346
22	311	375
14	312	342
19	314	372
6	315	359
32	317	372
37	319	355
0	320	351
4	321	343
2	327	355
40	325	370
12	327	342
16	367	382
18	336	375
34	335	360
33	367	382
29	336	348
14	342	364
2	376	403
27	350	365
23	345	358
24	346	364
29	348	391
0	350	386
7	351	375
9	354	381
4	356	368
2	357	371
25	358	370
23	358	370
38	384	401
13	359	371
10	360	372
10	372	387
11	362	374
34	362	374
37	370	382
8	367	403
25	369	384
24	370	392
12	373	385
13	373	393
4	374	393
19	374	386
39	374	389
17	374	399
39	388	402
36	375	387
18	377	399
22	379	391
41	380	392
11	384	403
3	382	394
33	383	395
26	386	398
7	388	415
0	387	405
35	388	400
32	388	400
21	389	412
25	395	408
15	391	403
14	394	423
36	395	407
19	397	419
41	397	409
16	396	408
13	399	412
6	433	455
20	399	414
15	407	420
34	401	413
35	405	417
25	407	419
39	406	418
2	407	419
33	409	421
4	409	421
12	408	420
0	410	424
18	411	434
11	411	433
21	417	436
13	414	427
9	415	427
34	415	427
17	416	428
28	419	433
39	419	441
27	418	430
4	420	432
29	421	433
22	422	438
25	425	437
20	424	452
9	426	439
24	425	437
38	425	437
3	427	439
14	427	441
7	428	444
34	428	440
23	429	441
33	429	458
10	429	441
2	435	460
35	430	442
16	430	452
5	439	452
25	436	460
41	433	454
12	433	445
37	434	483
18	435	447
38	437	449
19	437	449
29	439	451
31	438	455
3	439	451
40	440	461
27	445	457
4	446	458
20	453	470
21	447	459
17	449	461
18	448	460
35	449	470
12	450	462
1	452	464
7	454	466
14	456	468
29	457	469
3	457	473
23	459	475
31	464	478
13	516	572
18	476	501
1	463	482
13	462	474
38	480	503
5	465	491
27	467	479
33	466	485
40	509	533
10	469	481
12	468	481
24	468	498
28	503	516
14	471	483
17	473	485
19	472	484
11	475	495
41	475	492
25	477	489
15	478	490
16	481	493
1	482	500
26	482	494
36	483	503
6	482	494
2	485	504
29	485	497
17	484	517
9	486	515
35	487	499
16	492	504
7	489	505
10	490	502
21	497	517
25	491	521
11	511	571
40	495	507
4	496	508
23	496	508
18	504	536
6	497	509
31	496	508
15	497	515
13	498	510
14	502	519
1	500	522
38	505	517
24	500	520
20	502	547
5	501	518
41	503	515
35	506	520
16	506	518
38	548	570
26	507	523
12	510	548
0	605	618
10	547	602
37	512	524
19	517	530
31	513	525
29	513	525
34	515	531
30	518	537
32	519	531
8	518	549
16	521	535
5	519	531
36	519	531
39	520	532
1	521	533
10	521	543
0	521	533
4	522	534
17	522	535
23	522	534
22	526	538
26	526	538
5	532	544
21	528	566
25	527	539
9	527	539
6	529	559
27	531	554
24	534	552
19	537	551
32	531	554
3	533	547
14	533	586
31	533	559
36	534	546
28	534	559
34	533	548
41	535	548
2	536	559
23	537	559
4	536	562
30	538	562
7	537	559
37	538	550
33	540	557
22	544	567
9	544	564
39	543	572
0	543	557
1	545	557
5	545	557
35	548	582
20	549	561
37	549	561
29	549	561
3	549	618
16	549	562
40	549	579
26	603	618
19	552	598
18	554	568
16	585	597
34	554	571
27	554	566
1	558	570
0	561	575
26	559	588
8	559	571
2	560	574
27	577	599
22	568	586
7	562	574
41	563	575
6	568	580
29	563	578
33	563	575
15	565	594
12	565	577
24	565	585
31	567	585
30	569	581
32	569	593
38	570	582
28	570	595
9	573	589
13	573	585
5	573	596
18	575	592
33	574	586
39	577	589
11	577	605
7	586	606
0	577	589
34	576	594
36	578	591
2	582	598
38	582	602
20	584	598
37	588	600
21	588	610
23	585	619
24	586	598
14	594	619
26	590	602
22	588	600
25	590	602
12	590	602
28	598	620
6	590	602
32	593	607
13	591	603
40	593	615
24	598	610
18	594	606
4	595	612
31	596	618
29	595	613
39	600	616
33	597	618
22	601	619
41	603	621
37	600	612
27	601	620
6	602	614
36	606	620
17	605	621
5	605	617
10	605	620
35	606	618
9	606	618
34	606	618
32	607	619
11	607	619
25	608	620
15	609	621