37	37	48
0	38	51
17	26	60
29	24	34
27	24	34
4	30	40
15	33	44
25	32	42
18	35	47
38	36	54
29	37	47
28	36	46
11	43	55
24	37	65
41	40	50
9	41	52
20	41	51
4	41	56
23	42	55
40	53	63
33	50	77
26	51	61
36	45	55
29	52	62
30	45	55
37	49	59
38	69	91
8	48	58
7	49	59
6	49	59
13	51	65
2	50	60
20	52	62
32	52	88
1	53	63
31	58	78
39	59	69
23	60	70
37	60	77
22	61	84
20	66	76
30	65	75
11	67	88
16	68	81
13	68	102
26	67	77
7	69	86
39	71	85
2	70	80
8	84	104
18	74	84
12	74	84
36	75	85
41	77	87
6	76	87
40	78	88
9	78	88
15	77	87
4	80	90
0	79	98
22	88	98
28	81	92
3	83	99
29	81	101
21	84	94
2	86	96
33	86	100
5	87	97
32	90	100
41	92	102
20	93	107
31	93	103
15	98	108
28	126	136
17	93	103
30	110	120
28	93	103
11	99	121
34	100	110
29	103	113
38	104	114
13	115	125
16	104	114
0	105	115
7	107	125
19	107	117
39	136	146
24	109	119
32	113	123
20	121	138
18	120	131
22	117	127
21	117	127
39	117	127
2	119	129
32	130	140
16	123	133
6	123	133
3	128	138
30	148	164
22	131	144
13	132	142
38	136	156
11	138	148
14	141	151
17	143	153
35	146	156
21	150	160
10	152	162
33	153	163
27	155	165
38	172	186
9	157	167
36	160	173
37	164	174
26	164	174
23	166	176
14	169	179
31	171	186
35	176	193
23	178	188
13	181	191
16	182	192
14	205	215
5	184	194
38	202	214
15	187	197
29	190	200
18	192	202
24	222	232
33	217	231
19	198	208
7	199	213
26	201	211
16	203	213
3	201	211
24	203	213
0	203	213
2	208	218
29	206	223
37	209	222
15	209	219
4	209	231
17	215	227
32	212	222
13	211	221
20	212	232
25	214	224
26	314	358
27	219	229
30	221	237
23	220	230
36	228	246
2	223	236
32	226	236
12	227	237
5	227	245
8	229	250
4	233	246
33	235	245
32	237	247
1	237	248
34	239	249
14	245	255
25	250	276
37	242	260
7	245	255
41	246	256
11	247	258
15	248	258
21	247	257
13	248	263
23	251	261
12	253	263
8	253	263
38	254	264
5	254	264
1	254	266
18	255	276
29	258	282
39	257	267
14	259	278
3	260	272
2	258	268
35	262	281
33	260	278
28	261	271
24	268	279
4	262	284
10	265	275
16	266	276
6	267	291
23	266	276
1	270	289
34	271	307
26	271	281
27	271	281
28	272	309
7	273	283
11	276	286
38	276	286
36	279	291
15	275	303
9	275	285
14	284	313
3	277	302
22	278	288
39	278	288
33	281	291
41	281	297
19	285	297
11	291	301
30	292	304
38	296	306
36	292	310
36	313	328
4	292	309
13	294	316
32	294	314
37	298	330
5	296	343
26	297	307
17	302	329
16	296	306
27	297	358
6	298	325
24	338	367
7	300	328
21	303	327
22	308	345
24	303	334
23	309	322
1	316	368
25	314	337
0	347	369
16	308	340
28	312	334
30	308	318
12	308	350
38	310	325
10	310	331
2	310	325
0	309	322
35	310	330
21	330	351
39	310	321
11	312	340
31	312	332
18	311	323
8	311	351
4	313	350
20	316	331
41	313	341
19	313	345
3	313	371
34	313	345
14	315	336
33	315	338
15	317	334
40	316	365
29	318	337
18	324	341
16	366	380
2	326	337
39	322	332
9	321	331
23	324	335
30	324	371
13	326	354
38	328	338
32	329	339
10	334	355
35	331	368
9	334	354
20	337	351
0	336	346
29	338	367
36	338	367
23	339	367
17	339	358
14	339	361
11	341	351
33	341	366
32	342	355
18	342	356
7	341	352
15	342	355
19	346	357
6	345	355
31	346	364
38	348	358
34	348	358
20	358	378
8	353	368
12	352	362
16	352	362
39	353	364
15	356	371
4	356	367
25	355	380
5	356	392
28	360	370
34	359	369
22	361	371
10	361	375
38	360	370
27	361	371
14	364	374
2	363	373
37	364	382
39	367	382
28	371	384
32	365	375
12	367	386
17	370	380
1	371	381
22	374	384
4	378	388
31	382	392
9	379	389
19	385	395
36	393	403
40	387	407
12	390	402
3	387	397
7	388	398
39	389	407
16	391	401
6	391	401
22	394	404
28	394	405
0	394	404
27	394	404
9	395	407
19	397	407
4	399	409
37	401	417
23	402	412
32	404	414
11	407	432
3	406	416
26	408	418
1	411	427
21	423	433
12	410	420
13	410	426
33	412	423
9	412	422
36	415	425
15	417	427
23	417	432
25	420	430
7	422	432
8	422	432
40	515	528
29	425	435
41	425	435
30	429	440
14	429	448
19	431	449
12	430	440
17	431	441
25	433	443
3	525	544
10	436	452
28	438	448
5	438	448
38	439	449
35	443	457
15	443	453
4	445	455
3	445	455
26	445	455
9	446	456
0	451	478
41	455	465
39	455	465
28	459	476
10	459	469
20	459	474
31	459	469
35	459	470
25	464	474
9	465	477
2	467	477
3	468	478
26	468	478
21	469	485
4	473	483
35	476	486
6	477	487
39	477	487
8	479	489
38	481	491
33	481	491
13	481	491
37	484	494
14	485	495
22	487	497
27	487	497
18	490	500
3	492	506
34	492	512
23	493	503
39	494	504
1	495	505
4	495	533
36	498	508
30	500	520
9	501	511
15	502	513
21	503	513
11	506	516
41	505	518
38	506	522
31	510	520
25	510	527
19	512	522
6	517	527
8	516	529
27	558	572
41	519	529
29	515	525
1	516	526
0	517	538
10	525	545
20	516	526
26	518	528
36	517	527
9	518	532
33	522	533
38	525	535
32	524	534
17	524	534
28	524	534
24	527	542
39	527	537
23	527	537
20	527	537
34	527	552
36	528	538
41	530	557
30	529	546
7	529	539
31	532	555
5	534	544
38	538	548
37	537	574
22	539	549
20	539	549
26	539	549
19	540	565
16	541	551
18	541	551
0	542	552
36	544	554
29	544	554
24	544	561
17	546	556
27	547	557
28	548	562
5	548	558
7	549	567
35	551	561
8	552	562
40	556	569
40	570	580
3	553	574
15	555	565
9	555	568
16	559	569
0	559	569
31	559	569
1	560	570
18	561	573
34	561	580
39	562	572
17	562	576
32	563	582
30	563	578
22	565	580
35	567	580
12	566	583
33	567	577
29	569	579
21	584	598
19	570	580
6	570	580
3	575	615
41	575	585
16	575	585
36	574	584
38	577	587
1	577	593
27	578	596
33	578	609
39	578	588
30	581	591
19	582	592
2	583	598
0	583	593
7	587	612
17	588	598
6	591	601
25	591	603
26	591	601
31	595	607
19	599	614
11	594	606
15	600	610
13	595	612
2	605	615
5	600	611
1	599	609
35	600	610
32	601	611
28	602	612
40	603	618
21	603	613
39	605	617
16	605	615
41	604	619
38	606	616
36	606	616
20	606	616
34	606	616
22	608	618
18	608	618
4	608	618
26	609	619