9	25	35
37	36	65
31	21	31
28	24	36
31	95	117
8	25	39
30	27	41
20	37	47
35	28	40
15	28	63
27	28	38
5	28	47
23	35	45
13	32	52
4	33	43
0	33	43
33	40	60
17	34	48
18	35	64
29	35	53
9	38	53
16	38	48
41	38	48
21	39	49
24	40	104
10	40	58
0	45	56
32	42	53
38	42	52
35	42	62
19	46	90
2	46	69
34	48	58
26	45	55
6	46	56
21	54	74
12	46	56
25	46	56
30	47	57
8	48	58
23	50	77
30	59	84
41	49	59
4	51	68
11	50	60
39	51	66
16	51	69
37	73	115
38	53	71
14	53	64
31	54	66
7	54	64
3	55	65
29	56	66
27	64	80
28	57	67
5	58	68
40	62	72
17	60	70
10	62	76
26	61	87
22	71	83
14	126	142
1	63	73
41	64	93
9	66	76
12	67	77
29	67	77
35	67	96
8	67	82
36	68	82
33	69	87
4	70	80
6	70	99
20	70	80
31	71	81
28	70	80
11	72	88
2	72	82
13	74	121
5	75	86
14	77	97
21	81	92
18	102	112
7	80	90
29	79	89
16	80	90
18	80	95
34	80	92
32	81	104
1	80	90
17	82	93
23	85	95
9	86	96
36	87	97
33	88	111
10	87	97
12	90	100
28	89	105
25	89	110
29	92	102
39	91	101
15	93	103
34	94	111
40	94	104
22	95	105
41	96	106
30	97	117
7	97	107
36	100	110
8	101	111
16	101	111
4	102	112
20	101	111
24	106	117
19	103	113
9	105	122
26	105	134
20	112	136
21	108	118
6	110	129
10	109	119
7	109	136
14	111	121
17	111	121
23	111	131
5	112	131
3	112	122
2	112	122
12	114	124
39	116	131
0	114	124
33	116	126
15	119	129
4	119	129
22	119	137
38	120	138
24	125	150
35	120	130
40	121	145
30	122	138
36	123	133
37	123	133
19	123	133
28	124	144
8	125	135
16	127	146
21	128	138
32	129	139
34	130	146
17	130	146
29	133	145
36	152	162
23	141	155
13	134	145
4	136	146
12	167	183
20	139	149
31	136	146
35	138	155
8	142	158
30	141	151
27	144	154
3	146	156
2	147	157
16	151	161
10	151	161
22	151	169
34	152	162
24	154	164
25	154	172
30	172	189
21	156	166
33	155	165
32	158	168
26	158	168
23	165	175
11	157	167
40	164	177
2	161	175
28	161	171
41	162	178
6	162	175
1	175	185
37	165	189
24	165	175
38	164	174
13	164	174
7	168	185
8	169	179
0	169	179
3	170	180
15	170	180
32	173	189
9	174	184
26	176	186
21	176	186
25	180	191
0	189	200
31	182	192
20	183	193
2	183	193
28	187	208
38	184	202
15	187	197
29	187	197
7	190	200
4	189	199
27	206	216
17	191	201
40	193	203
27	194	204
18	194	224
10	194	214
6	195	205
22	214	230
35	197	207
39	197	207
7	231	241
0	205	215
24	199	209
36	201	211
2	201	211
16	203	215
7	205	215
1	211	222
5	207	217
34	212	222
19	211	231
8	213	223
25	216	251
33	217	228
30	218	234
2	224	235
5	219	229
24	220	240
20	276	291
23	245	266
0	219	229
26	223	236
41	223	233
35	222	232
17	224	240
23	225	235
4	225	235
16	227	237
31	227	246
38	227	237
1	227	237
8	229	240
6	228	238
15	229	239
12	229	239
19	234	244
22	236	246
25	258	281
21	236	246
10	238	269
5	306	359
35	242	252
17	252	268
36	241	251
13	240	252
36	277	295
20	260	272
20	248	258
9	249	273
19	249	264
34	250	260
8	249	259
1	256	271
19	266	285
32	249	259
24	261	275
41	250	267
13	253	299
3	252	262
2	254	264
28	255	277
37	256	266
7	256	266
6	256	266
26	261	271
12	258	268
21	259	273
30	259	281
27	261	271
0	260	299
22	262	272
11	265	277
38	263	273
33	264	281
4	266	282
16	270	280
40	271	281
7	272	288
1	273	283
31	273	283
34	274	295
10	274	284
8	274	284
6	274	288
17	274	289
9	276	286
29	280	290
38	278	288
32	278	306
28	278	302
26	278	288
21	278	288
11	280	298
15	282	292
32	307	354
23	282	311
12	284	295
37	284	302
25	283	294
39	283	306
22	285	295
8	285	307
24	285	299
2	286	375
4	312	354
31	286	296
19	286	296
27	288	298
5	289	303
35	289	340
10	289	348
4	290	301
14	289	300
1	291	301
41	294	304
7	294	304
12	299	369
33	294	331
26	295	376
15	296	306
6	296	320
17	296	306
20	297	307
38	296	360
14	303	377
34	298	308
22	298	321
25	299	326
18	300	312
29	302	360
1	302	360
19	302	312
3	301	356
9	310	383
21	302	365
27	303	380
36	311	369
41	305	364
30	305	369
31	305	359
37	304	360
7	306	360
16	306	364
17	307	362
24	307	359
13	307	354
8	308	362
15	309	368
0	309	319
39	311	375
20	309	369
40	310	353
19	315	364
23	315	361
28	312	352
18	313	360
11	315	368
34	318	360
6	322	374
22	322	350
0	328	340
25	329	379
33	333	360
35	342	367
10	349	385
28	355	382
0	347	373
22	351	363
32	355	365
13	357	367
1	361	380
24	362	413
31	362	372
23	363	373
3	364	374
29	365	375
18	365	387
8	396	408
21	366	384
16	369	379
41	369	387
12	376	394
34	368	382
33	371	388
17	371	392
5	372	383
13	374	384
40	374	384
1	383	393
11	375	385
30	377	394
20	377	387
36	380	409
15	381	395
38	381	391
29	381	425
14	381	391
31	381	391
22	387	406
25	384	394
8	385	395
5	385	395
37	387	397
11	389	399
34	389	399
10	390	400
18	392	402
23	390	400
39	394	404
0	393	403
32	449	463
2	403	413
7	397	413
37	398	427
27	398	408
20	399	412
11	400	410
5	400	414
6	401	411
23	401	411
16	403	413
41	403	413
26	405	415
22	407	417
39	408	418
4	409	419
33	410	420
14	410	420
1	410	420
30	411	421
27	414	434
15	414	443
33	430	448
24	414	424
12	414	433
19	418	434
16	418	428
28	419	429
6	419	429
31	421	432
3	420	430
22	420	430
14	425	435
39	429	461
40	422	447
38	424	434
10	423	433
0	426	436
3	431	441
2	425	435
26	428	441
41	427	441
9	428	441
23	430	440
37	431	441
22	432	447
35	438	448
13	432	443
16	432	458
1	432	442
8	433	447
34	434	451
36	435	459
21	435	462
0	437	451
2	439	454
12	439	449
31	472	486
17	438	448
40	449	459
11	442	452
1	447	467
4	443	453
19	449	467
27	444	454
17	449	462
18	445	455
24	446	456
31	447	457
25	447	464
14	448	458
37	449	460
8	448	458
9	469	493
11	453	467
29	453	463
28	453	463
5	452	465
7	455	465
26	539	550
0	457	467
17	465	478
15	460	483
27	461	471
41	461	471
2	462	472
16	461	471
4	463	473
12	462	472
36	464	474
38	464	474
18	469	489
8	468	478
40	555	579
19	579	589
28	470	494
21	472	494
6	473	483
7	473	499
19	473	483
40	475	495
16	479	525
29	475	485
35	477	487
30	476	489
33	478	501
13	483	494
39	482	492
34	483	493
19	485	495
11	486	496
0	485	495
8	487	497
15	489	499
1	489	499
41	490	517
4	542	564
14	492	502
39	496	506
32	494	504
6	493	507
12	493	510
27	493	503
0	496	506
13	514	539
18	496	506
11	497	507
8	500	510
10	501	526
17	503	513
21	501	511
13	503	513
3	504	517
6	509	521
38	503	513
22	503	528
40	504	514
25	505	515
19	506	516
28	507	517
1	507	524
32	507	517
12	512	529
29	509	519
31	508	527
23	509	519
7	509	519
30	511	532
35	510	520
27	511	538
33	511	521
8	513	523
38	514	547
15	514	524
9	515	540
25	517	543
11	517	527
34	519	529
40	524	538
26	519	537
29	521	531
28	520	530
21	522	541
6	522	532
33	524	539
20	525	535
4	527	537
2	527	537
7	529	582
5	532	543
17	526	536
0	528	548
16	527	537
15	528	538
31	530	540
18	530	541
41	530	543
10	532	542
37	534	544
29	534	544
36	540	555
23	535	561
28	536	578
39	538	564
1	538	573
35	550	573
30	539	553
40	539	549
25	550	562
21	542	565
18	542	553
17	541	551
8	541	551
34	543	555
20	543	553
27	545	560
32	544	568
15	545	560
41	545	555
11	548	558
13	547	571
9	547	561
22	547	582
34	578	616
31	552	562
38	576	594
18	554	573
30	554	564
10	554	572
12	554	564
38	554	570
16	554	576
24	554	582
20	554	573
17	556	566
0	556	576
26	556	566
29	561	600
36	558	584
34	561	573
11	560	578
5	564	574
31	563	573
23	563	605
8	563	587
14	563	583
37	601	619
15	562	573
3	563	600
2	563	573
41	568	604
9	568	578
19	568	578
32	570	580
25	573	583
27	572	594
12	574	584
33	574	599
4	575	595
5	578	588
17	578	588
35	577	587
0	578	592
18	578	597
30	581	591
28	583	593
24	585	603
20	584	603
7	584	603
33	600	618
16	585	595
12	587	599
26	588	612
32	589	599
31	591	601
22	591	608
17	590	618
40	590	616
1	591	607
14	597	610
30	592	602
19	593	603
13	594	615
39	597	612
6	597	618
28	595	605
0	596	606
8	597	608
9	600	610
21	600	610
16	601	612
27	603	613
2	602	612
35	604	614
36	606	619
0	607	617
41	607	617
25	607	617
12	608	618