26	23	35
1	47	66
37	37	49
37	25	37
9	26	49
20	49	66
15	29	41
6	29	68
8	30	42
3	31	43
12	31	43
32	33	47
0	33	45
21	34	46
17	34	46
2	38	50
28	39	61
31	39	54
34	40	52
5	39	77
36	40	64
18	41	53
24	42	57
4	42	57
16	44	62
14	45	68
30	46	58
35	48	61
40	48	60
10	49	61
17	49	69
15	52	64
29	51	63
9	52	64
25	52	64
32	53	65
22	53	66
11	55	67
6	101	120
1	65	98
19	57	69
33	58	70
31	61	73
36	64	76
4	65	77
3	66	78
21	66	84
39	68	80
38	67	80
40	67	79
20	67	79
13	68	82
7	71	83
12	71	83
26	73	85
25	74	87
19	75	87
31	76	88
33	74	86
23	75	87
16	75	87
29	75	87
36	78	90
5	114	126
41	81	93
9	81	93
38	83	95
0	83	95
13	85	97
26	86	98
12	86	106
22	87	99
21	87	103
7	90	102
32	89	101
2	90	102
40	93	105
27	95	107
3	94	106
36	96	108
20	98	113
16	97	109
19	99	111
22	103	115
38	105	117
37	104	116
3	105	117
14	106	118
29	108	125
40	107	119
34	109	121
32	110	131
21	112	124
12	113	133
28	117	129
16	117	129
27	118	130
31	118	137
4	126	138
7	124	136
41	125	137
2	125	137
38	125	137
26	128	140
5	131	145
3	131	143
15	132	144
17	132	144
19	133	145
9	133	160
37	138	150
23	143	155
38	145	157
26	146	158
29	146	158
11	146	158
2	150	164
21	151	173
10	152	164
20	152	164
39	158	170
35	164	178
23	206	218
3	162	174
11	165	177
17	167	179
2	171	183
26	173	185
20	175	187
37	185	210
11	179	191
13	183	195
35	182	200
32	182	194
17	195	218
34	199	212
1	194	216
33	197	209
28	196	208
13	199	211
39	203	215
31	203	215
35	204	216
22	208	220
33	209	221
15	210	226
20	210	222
4	210	225
12	211	223
16	217	235
40	210	222
21	211	223
14	211	223
26	212	224
5	215	232
0	216	228
9	219	231
6	222	234
3	223	243
27	223	235
2	228	241
41	223	240
12	224	236
32	224	236
31	227	239
10	230	242
27	235	249
8	231	243
40	269	282
39	232	253
7	232	244
30	232	244
28	235	247
22	237	249
14	236	248
21	238	250
32	259	287
8	242	254
35	242	254
3	242	255
31	249	281
4	246	268
37	245	257
5	245	257
28	247	268
29	247	265
22	255	267
0	248	268
2	248	260
25	250	262
36	258	270
21	274	302
7	252	269
19	254	308
33	302	346
33	255	270
37	277	302
18	262	284
9	263	275
14	264	276
15	263	281
10	264	276
41	264	276
2	342	356
29	265	277
28	333	364
27	268	280
4	324	340
36	269	281
39	269	281
26	269	281
38	268	285
0	275	289
25	272	292
34	324	369
23	273	285
41	275	287
12	280	296
30	275	287
13	299	317
6	276	293
33	277	298
5	277	298
29	278	290
34	281	293
8	283	295
10	287	299
14	282	294
1	284	296
38	284	296
2	287	308
18	284	302
11	285	312
3	286	298
9	286	298
41	287	299
0	289	301
28	291	317
39	323	357
27	292	318
20	293	305
39	296	311
40	294	336
6	297	315
9	300	314
16	299	318
26	300	319
3	302	318
24	299	311
34	300	312
8	300	312
10	307	347
32	301	320
38	301	329
29	303	342
36	309	321
1	303	320
15	303	350
7	304	316
35	305	319
14	307	330
41	315	347
25	307	319
18	308	351
6	323	354
4	310	325
19	309	327
26	318	379
30	311	323
17	311	323
24	311	332
21	312	324
31	317	356
8	313	329
14	329	352
7	315	332
20	319	334
3	317	357
25	321	339
16	317	329
13	321	361
22	318	346
12	318	343
11	321	353
28	319	331
0	321	340
32	321	357
2	320	337
14	370	384
1	322	356
23	322	334
37	326	350
36	324	366
5	326	348
21	328	360
16	328	345
19	327	373
17	329	360
27	329	352
38	328	367
30	330	349
35	332	359
29	341	364
23	334	354
24	333	367
7	335	362
11	379	404
9	335	360
40	337	349
0	343	368
12	343	366
20	343	363
33	349	377
29	364	377
38	368	381
8	348	367
11	352	364
27	352	364
10	354	369
23	353	373
11	363	375
15	355	367
40	359	400
37	359	371
32	360	376
28	376	390
20	365	377
35	369	383
4	365	377
41	366	380
25	367	385
18	368	390
7	373	399
0	375	387
30	381	393
10	376	388
29	377	389
19	376	388
12	380	392
39	387	400
33	382	394
32	382	394
26	382	394
15	385	405
6	387	411
36	388	400
22	389	401
37	391	413
1	391	403
29	391	403
41	393	405
24	393	405
34	394	406
10	394	416
33	397	411
5	396	408
25	398	417
38	399	411
31	400	412
30	485	500
12	401	413
15	406	418
27	405	417
2	408	429
16	407	424
0	409	431
8	411	423
13	412	424
11	471	483
14	417	429
26	417	439
32	422	434
30	422	434
12	423	435
13	423	435
29	426	438
36	428	440
10	427	439
34	428	440
37	434	446
23	438	450
40	429	441
19	432	444
41	432	454
27	434	456
7	435	456
5	436	448
32	437	449
26	438	450
15	438	450
0	441	453
17	443	455
40	444	456
12	445	457
4	447	459
24	448	460
10	450	462
22	453	469
13	455	472
38	455	474
17	459	495
19	468	497
3	461	473
2	461	473
33	466	478
7	469	487
10	468	480
29	471	483
32	472	484
38	473	485
5	476	488
20	483	496
13	478	490
1	480	492
31	483	495
25	482	494
8	484	496
14	485	500
10	488	500
35	490	502
36	493	519
40	493	505
7	494	506
12	497	509
24	499	511
34	500	512
17	510	522
4	502	514
19	506	522
40	506	521
7	533	556
31	505	517
3	507	519
0	509	526
15	508	536
6	509	521
23	509	521
1	511	523
18	512	533
11	600	616
21	511	523
28	514	526
30	517	530
25	518	532
29	518	530
11	519	531
38	519	541
14	519	531
37	519	531
3	521	538
35	522	534
19	522	534
10	522	546
17	523	552
26	522	538
31	523	535
16	525	537
34	525	537
24	524	536
9	526	541
40	525	537
5	528	540
33	527	539
4	527	542
12	528	540
8	575	589
41	531	549
32	533	545
37	534	546
22	533	545
11	567	587
31	548	564
6	540	552
40	543	560
3	542	554
39	544	556
35	545	557
15	545	557
19	545	566
30	544	567
33	547	560
18	549	563
28	550	576
1	551	563
9	551	619
24	554	571
0	555	577
27	557	585
17	553	568
37	557	569
39	558	570
10	555	567
36	554	566
14	556	568
25	558	592
15	559	571
41	559	571
12	559	571
34	560	572
18	562	574
7	571	607
22	565	577
21	570	584
3	566	578
30	566	594
32	587	599
33	567	583
5	570	582
29	569	581
28	583	596
38	575	587
16	577	589
31	578	590
19	577	589
41	579	591
12	581	605
23	580	592
35	582	614
5	593	613
24	583	612
29	583	595
21	585	602
11	586	598
38	592	620
37	592	604
26	595	607
22	595	607
25	594	606
16	595	607
15	597	609
6	598	610
32	603	615
27	601	620
40	602	618
29	601	613
17	602	615
8	603	615
31	604	621
19	603	620
4	605	617
23	605	617
41	607	619
12	607	619
16	608	620
2	607	619
0	608	620