15	50	74
41	46	84
30	29	64
4	42	60
17	21	45
6	20	34
12	50	74
20	23	37
5	23	47
34	23	37
39	25	39
0	24	48
11	25	39
18	26	40
10	57	74
36	27	46
22	29	43
32	30	44
27	30	52
14	31	65
24	31	54
25	31	45
8	34	61
23	32	46
34	49	72
33	46	66
41	35	49
39	37	56
11	37	51
3	39	68
29	39	64
38	39	57
9	40	56
6	42	56
31	42	56
13	42	67
19	44	59
20	44	67
18	51	84
37	45	60
0	46	62
1	46	73
21	48	66
11	50	64
32	50	70
7	51	74
26	52	70
40	54	68
36	54	70
2	56	70
5	56	78
25	57	93
35	59	89
31	60	76
24	60	74
9	62	76
33	63	77
6	64	92
3	65	79
4	77	97
26	68	108
27	69	83
11	67	95
3	76	100
34	69	90
1	70	84
14	70	84
29	70	84
19	71	85
8	70	101
17	70	87
22	72	90
39	72	107
16	73	94
23	74	88
13	74	88
5	76	90
20	106	128
9	77	96
40	80	98
7	78	93
33	80	100
2	81	95
37	89	108
28	81	95
21	82	105
36	83	97
14	83	119
38	86	114
12	88	102
5	90	104
20	90	104
34	90	110
10	92	106
31	93	107
28	94	112
13	94	108
11	95	124
32	96	114
41	97	121
29	97	113
25	98	112
1	97	111
40	98	119
30	98	112
9	104	118
17	103	117
21	105	134
16	104	118
10	106	128
3	107	132
37	107	121
0	108	122
4	108	122
7	109	123
22	109	123
25	111	125
18	112	126
36	114	134
1	114	136
39	115	129
34	115	136
9	117	132
6	117	136
26	120	152
2	121	135
17	120	135
23	129	143
31	123	137
28	123	139
4	129	143
27	127	145
29	128	142
15	129	143
7	132	146
25	128	142
11	130	144
41	129	143
19	131	153
36	136	150
35	134	148
20	136	150
31	136	150
14	139	165
32	145	168
33	140	154
39	140	159
34	141	155
15	141	155
18	154	168
9	144	158
22	147	161
1	148	162
36	149	170
7	148	169
0	151	201
24	152	171
6	152	166
35	156	170
33	161	176
25	161	175
41	162	176
16	163	186
26	163	177
21	172	195
23	165	185
31	164	178
40	166	199
14	167	181
24	168	192
28	169	183
5	171	185
32	170	184
3	172	198
39	172	186
19	173	187
11	177	191
13	177	191
27	178	192
10	178	192
17	178	192
15	182	196
23	183	197
28	185	199
7	187	203
18	187	210
12	192	206
5	188	202
38	188	204
4	194	208
26	197	227
33	192	209
20	191	205
2	193	207
27	193	207
3	195	209
34	195	209
15	199	216
23	199	213
8	201	215
16	200	222
28	200	214
37	202	216
38	204	218
14	205	219
39	208	225
32	210	224
4	211	236
6	211	225
7	215	229
19	213	227
34	215	229
33	218	245
40	215	231
2	317	357
13	217	239
10	218	232
6	225	241
8	223	251
5	222	236
3	222	243
18	223	237
20	222	236
25	227	249
36	226	240
12	233	249
31	229	243
19	228	242
28	230	244
9	229	243
40	229	250
32	229	254
14	231	268
38	232	246
7	232	247
21	234	248
23	235	249
13	243	265
15	238	288
20	240	278
31	241	258
26	241	255
22	241	255
18	243	257
37	243	257
38	243	257
16	243	257
33	244	258
19	245	275
10	246	262
23	248	286
34	247	265
19	272	309
12	248	270
39	249	264
5	250	269
8	250	285
17	254	268
7	251	284
4	251	265
22	254	268
30	255	271
33	256	272
36	256	270
10	259	276
28	258	292
9	286	394
26	265	279
31	260	282
25	262	283
27	262	303
39	265	280
13	263	290
34	263	277
5	267	281
32	263	277
11	263	277
1	266	286
21	266	290
6	266	280
40	266	280
16	267	281
7	305	361
41	271	296
0	272	286
38	271	370
33	271	303
2	274	292
1	283	300
12	274	304
32	275	289
11	304	376
11	276	291
10	274	288
9	275	289
4	276	295
31	279	300
5	281	335
17	281	295
18	310	380
14	282	296
30	282	300
22	287	308
26	283	386
37	285	355
8	285	311
29	286	319
40	295	309
23	288	361
25	289	303
16	288	303
12	306	407
15	289	312
18	289	308
36	289	355
28	299	368
7	291	305
33	313	388
24	296	310
20	293	307
2	291	305
19	306	380
41	296	360
25	311	356
34	297	311
14	299	331
30	298	371
21	298	379
10	299	356
35	307	374
6	303	365
8	308	367
17	306	358
31	302	364
16	302	356
4	307	386
1	303	365
27	303	357
3	306	357
32	308	371
20	308	357
39	307	337
15	314	359
13	308	339
22	309	365
34	312	391
0	312	383
24	318	367
29	321	356
40	321	374
14	333	363
5	333	363
39	335	375
13	337	368
7	396	411
20	361	392
36	355	371
17	355	369
2	355	369
3	354	379
10	357	371
5	363	381
7	360	378
41	364	395
25	363	381
31	365	379
24	364	390
2	367	388
15	367	381
8	369	383
32	368	384
36	368	391
1	368	382
10	368	382
17	371	388
28	371	385
13	371	388
6	374	388
22	379	401
23	375	401
21	376	390
37	378	410
16	383	402
35	381	395
40	380	394
19	382	396
11	388	402
33	392	410
14	389	403
36	390	404
28	389	403
2	391	405
17	393	407
26	394	422
6	394	408
18	394	408
19	396	410
11	403	420
10	408	423
9	396	410
24	398	412
39	400	414
41	404	422
26	434	456
0	400	414
40	402	416
22	403	423
30	405	419
31	404	418
23	406	420
19	407	442
38	407	422
13	408	425
37	407	421
4	409	423
2	410	424
12	410	424
24	409	433
39	412	431
14	413	441
17	411	429
28	411	431
11	417	438
34	412	426
25	414	428
15	415	435
13	429	461
21	416	430
33	418	434
37	419	433
3	419	445
1	422	440
36	423	437
29	424	438
38	424	438
2	425	448
7	428	444
9	426	466
41	425	460
12	425	439
5	431	448
6	429	443
35	429	443
30	430	450
31	430	454
21	431	445
0	435	449
20	435	449
8	435	449
25	437	466
11	440	454
18	440	454
34	441	455
35	442	463
24	442	456
40	444	461
29	445	464
14	443	457
17	454	468
8	446	470
15	447	461
37	535	557
10	446	467
36	450	464
37	449	463
4	464	492
14	472	486
20	451	465
6	453	468
5	455	469
35	465	479
11	460	481
15	459	473
24	462	481
0	462	476
6	503	530
41	462	485
27	464	491
38	467	481
34	467	481
20	467	481
19	467	500
25	467	487
3	468	482
7	476	491
9	469	483
5	473	488
1	475	499
18	475	489
41	536	567
28	478	492
37	480	503
6	480	494
31	480	494
35	480	494
21	479	493
26	481	504
40	481	500
14	486	501
22	482	496
35	526	540
39	486	501
16	577	607
2	505	535
0	489	512
35	496	510
9	490	510
13	490	507
23	490	505
38	496	558
40	513	542
15	492	506
27	492	512
22	493	514
32	494	512
25	495	510
5	498	531
34	498	521
10	499	513
20	498	516
11	499	513
16	500	530
31	501	522
28	501	539
1	503	517
17	505	519
3	506	554
24	506	530
4	507	521
19	506	520
23	511	543
39	510	524
41	509	523
25	509	523
26	510	532
7	513	532
35	513	527
13	513	527
15	514	531
10	514	528
9	515	546
27	514	546
12	516	530
18	516	535
36	517	531
32	517	531
19	520	534
0	520	534
1	520	534
8	521	541
30	522	536
22	521	535
34	526	547
32	528	542
25	524	568
31	525	552
31	585	613
17	536	557
10	527	549
12	528	569
29	529	543
13	529	543
36	530	544
6	531	545
33	530	548
15	531	553
22	535	557
18	532	546
24	531	548
14	533	554
39	532	546
11	535	551
4	540	564
7	537	559
35	537	552
2	538	552
32	540	563
30	540	567
29	540	576
19	543	558
28	542	568
24	548	586
1	547	563
9	547	561
23	547	574
5	547	572
33	547	565
39	549	575
0	550	564
27	552	577
14	552	566
10	554	572
26	555	571
3	584	608
11	555	582
8	560	592
20	556	575
16	558	576
3	558	572
2	561	577
6	560	576
22	560	574
38	562	595
14	575	616
9	561	617
23	575	618
21	562	588
4	562	604
15	563	577
13	563	577
34	565	590
37	565	579
18	567	581
28	567	589
31	568	587
25	569	600
12	569	592
1	583	597
35	569	583
7	570	590
39	572	598
33	572	587
2	574	588
19	574	592
26	576	595
41	575	608
5	578	592
13	592	610
27	578	592
6	578	608
36	578	608
29	579	597
30	581	600
11	581	595
12	601	615
17	584	598
7	590	604
10	595	612
28	592	606
5	593	610
19	593	607
22	594	612
37	599	622
38	595	609
39	595	619
15	595	609
2	595	620
16	604	618
8	597	617
35	598	612
13	607	623
7	601	617
24	600	614
11	601	618
1	603	617
34	603	621
29	604	618
19	604	618
21	604	618
41	605	619
26	604	618
25	606	620
32	605	623
40	607	621
27	606	620
33	606	620
30	606	620
20	606	622
35	609	623