35	33	65
18	33	43
30	20	30
18	47	62
0	21	32
19	24	39
25	25	35
31	27	37
14	27	37
6	27	37
21	28	63
2	49	88
34	29	39
36	30	40
4	29	39
22	30	55
11	30	56
31	45	65
15	33	43
0	33	44
27	43	54
41	34	44
29	35	51
17	36	50
1	36	58
40	41	53
34	40	50
7	37	48
32	38	74
33	37	48
5	38	86
10	38	50
23	38	50
24	39	79
39	39	54
9	39	62
20	39	49
6	40	54
26	41	62
10	55	67
25	42	55
30	43	53
16	42	57
8	44	89
37	52	62
28	44	56
3	44	66
14	45	58
36	54	74
19	47	83
4	79	94
12	53	63
29	52	76
13	52	73
4	55	70
34	72	88
33	57	69
1	60	70
30	62	74
28	59	69
0	61	71
25	62	73
6	63	73
31	76	96
23	64	74
39	66	78
14	66	76
18	69	80
15	69	90
21	71	95
26	72	88
33	76	93
37	75	96
30	81	99
32	79	113
24	80	90
7	78	92
28	80	90
17	83	93
10	86	105
1	85	95
13	84	95
6	94	104
22	86	99
16	87	97
0	89	105
3	88	101
20	108	137
39	91	101
34	91	101
28	92	104
36	92	102
8	96	109
15	93	104
9	96	111
33	96	106
13	104	130
4	103	113
31	97	110
5	98	108
37	98	108
11	103	114
29	107	123
8	113	134
2	111	121
17	111	136
6	112	122
26	111	132
34	111	128
12	115	125
38	114	124
37	116	129
24	115	127
9	116	126
32	115	125
22	118	128
33	120	131
21	121	131
4	121	140
5	122	137
14	124	134
7	124	141
40	126	146
10	126	136
6	125	135
19	127	137
18	130	151
22	131	141
15	132	160
9	132	142
27	132	142
1	134	144
23	135	145
39	135	150
26	137	156
29	139	151
30	139	149
19	142	152
36	143	165
12	144	154
22	147	157
28	147	157
4	147	164
11	149	159
1	150	160
0	152	162
9	154	169
33	154	164
40	155	168
21	156	166
17	156	166
2	162	178
38	159	171
25	159	169
16	162	194
29	163	173
1	164	174
6	167	177
15	171	182
38	177	187
30	175	185
31	175	191
12	178	188
25	182	199
26	182	192
37	179	189
2	179	189
22	179	189
21	179	189
27	232	246
0	189	199
19	183	193
35	184	196
28	187	197
23	187	197
34	192	216
31	194	238
29	193	203
12	193	209
40	195	205
18	196	206
37	196	206
8	196	212
36	197	217
10	201	216
27	200	210
6	200	210
30	204	214
16	205	215
33	205	215
15	206	233
17	207	217
21	208	228
14	208	218
9	210	220
1	210	221
4	211	226
26	213	223
13	213	230
28	215	225
27	217	227
10	218	228
7	219	229
37	335	367
12	222	232
18	224	234
23	225	235
9	227	237
25	227	237
39	229	243
20	273	293
24	228	248
10	230	243
4	231	241
29	232	242
41	231	259
7	232	242
23	280	296
0	235	250
2	235	256
23	236	246
17	238	248
11	239	256
3	246	259
6	283	372
25	240	250
22	240	250
8	240	266
40	300	312
20	243	253
13	242	262
10	245	259
12	247	279
4	247	264
30	256	275
14	248	258
27	248	279
24	253	271
31	255	265
22	251	261
38	299	348
34	250	279
25	252	268
28	251	273
0	252	270
29	255	270
18	255	265
36	256	289
32	256	266
40	256	266
35	257	267
23	259	276
3	264	303
21	260	270
2	260	270
5	260	290
20	295	371
11	261	277
1	261	271
37	263	273
19	263	273
17	264	274
10	265	284
35	269	279
15	264	287
13	274	296
39	267	289
18	266	296
6	267	279
7	267	282
25	269	279
38	271	281
40	269	279
2	271	290
16	273	283
9	272	292
22	274	285
24	275	285
11	278	353
30	277	295
41	276	286
32	276	291
14	276	286
8	277	287
19	277	287
4	280	290
31	280	334
16	285	298
21	284	294
29	288	300
5	301	349
4	300	359
22	305	365
10	286	302
37	286	296
0	287	297
12	289	362
35	289	299
15	291	353
34	293	379
26	297	318
28	318	353
19	293	310
7	294	396
8	293	357
28	294	314
39	293	303
14	293	315
36	300	310
17	296	350
16	300	365
1	297	322
30	299	309
18	297	368
37	297	334
23	299	315
35	304	345
32	299	309
24	300	310
2	299	341
33	300	310
41	301	336
26	320	369
28	394	413
21	303	354
3	304	375
10	304	319
27	303	365
25	306	350
39	307	351
0	308	371
19	311	360
13	311	354
32	310	352
9	310	346
24	311	379
29	314	363
30	315	348
33	315	366
40	315	340
23	316	359
36	318	360
10	320	371
14	320	333
1	323	359
26	370	390
14	334	388
31	336	355
40	344	367
41	342	367
2	343	368
15	361	374
9	347	357
5	355	378
17	351	383
35	352	368
30	358	383
25	354	366
28	356	373
32	357	376
13	358	370
21	357	371
36	361	375
11	361	371
9	363	378
39	362	372
31	366	376
16	366	376
4	366	380
29	368	378
19	394	408
1	368	386
23	369	379
38	371	381
21	373	383
20	375	398
19	375	385
27	376	386
29	454	464
2	378	406
0	380	390
16	380	395
6	381	391
9	381	421
33	381	391
15	384	394
39	385	404
3	387	397
40	388	407
4	388	410
17	389	402
31	391	401
30	395	405
12	394	404
21	393	403
18	394	404
36	396	415
35	396	406
25	405	427
5	414	433
8	403	413
17	403	413
1	404	414
14	404	414
20	404	423
18	405	415
38	405	423
27	405	424
41	408	418
11	410	428
10	411	421
7	416	434
26	415	425
3	422	434
1	418	441
2	418	428
13	424	439
23	419	429
39	419	429
28	420	430
0	419	429
14	421	431
6	422	437
34	425	435
40	426	436
36	426	436
32	427	477
28	433	458
33	427	437
30	428	447
12	429	441
27	429	439
19	431	442
9	431	441
0	431	444
8	431	443
39	434	444
15	435	451
22	435	445
18	435	445
2	435	445
14	436	446
11	436	455
26	436	446
38	452	462
20	438	469
24	440	450
29	440	450
21	439	449
3	439	449
23	443	453
38	476	486
37	445	486
27	447	457
40	448	458
14	450	478
7	451	461
6	468	478
35	456	472
13	458	468
8	458	468
41	462	472
5	463	476
39	463	476
18	465	475
2	465	475
25	466	476
33	465	475
7	467	478
3	468	478
23	469	487
29	470	480
8	471	481
27	471	481
0	472	482
19	473	483
34	474	489
31	473	491
41	475	485
30	475	489
26	475	485
15	477	493
9	477	487
18	476	486
21	478	496
5	479	489
8	482	492
11	483	493
6	483	493
25	488	500
22	485	499
37	487	497
10	485	501
0	486	520
26	487	507
36	503	515
27	488	498
33	488	498
19	489	499
17	489	505
40	489	521
9	492	508
14	491	501
4	492	502
34	493	503
7	504	530
12	497	527
37	498	508
41	500	520
3	499	509
29	502	512
8	508	523
32	502	512
19	504	514
17	541	551
31	508	518
26	508	518
39	508	522
24	508	520
3	510	520
15	510	529
17	512	522
20	511	529
5	539	552
27	511	531
20	532	555
4	512	542
37	514	524
16	515	529
29	515	525
5	515	525
13	514	524
30	514	539
6	516	526
28	516	554
9	516	526
19	517	527
11	518	528
21	519	536
18	519	529
34	605	618
35	520	534
1	521	531
31	522	556
23	521	531
41	522	543
14	526	538
8	525	542
36	538	561
24	524	542
25	525	535
36	525	535
12	534	548
35	537	563
39	535	551
34	528	538
18	530	548
6	529	546
32	530	558
38	531	565
22	534	546
26	533	547
1	533	578
40	534	547
16	534	544
27	535	545
11	535	549
9	535	548
0	536	546
10	535	565
13	537	547
7	552	562
34	539	549
3	541	555
21	540	555
2	540	550
29	544	554
30	543	553
41	545	555
15	545	556
9	552	562
0	547	557
4	547	567
37	549	559
10	585	596
12	550	560
24	564	576
14	552	580
28	556	566
39	553	569
25	553	572
26	554	571
22	554	568
11	555	582
5	560	580
15	557	568
41	557	580
18	557	567
19	558	568
40	557	567
30	558	568
32	561	571
34	560	599
16	560	570
8	561	587
19	590	606
31	562	596
0	564	582
29	564	574
3	565	575
9	565	588
21	566	576
20	565	575
33	566	576
12	570	580
27	568	584
36	568	583
4	568	578
6	570	581
7	572	589
35	572	585
18	572	591
10	572	582
39	572	582
37	572	613
30	573	588
22	575	615
15	573	583
16	574	584
17	575	595
25	575	586
28	577	587
26	576	586
19	577	587
23	579	589
32	579	619
38	579	589
39	590	619
1	579	589
13	580	598
33	581	604
24	582	592
0	583	595
14	584	596
21	586	606
20	597	618
35	589	607
40	589	615
27	589	599
41	599	610
29	596	612
38	594	617
3	596	615
36	595	605
11	599	617
30	599	617
1	598	614
6	597	616
16	599	609
14	599	617
18	600	618
7	601	618
31	601	619
27	609	619
12	607	617
5	603	613
10	604	614
25	605	615
26	604	619
24	607	617
28	607	618
23	608	618
19	607	617
36	608	619
15	609	619