29	50	90
18	48	62
9	27	41
20	54	68
30	25	39
23	26	42
6	26	51
25	28	50
7	29	45
10	29	43
15	29	43
36	33	56
2	55	70
27	36	50
29	31	52
5	35	49
3	33	47
1	33	47
28	34	49
35	35	84
19	47	85
16	36	60
26	40	65
8	37	63
14	38	86
11	39	55
2	41	55
34	42	56
10	42	60
30	58	99
15	44	98
21	43	66
4	44	74
12	44	62
7	44	71
27	67	81
24	45	59
37	46	63
25	47	76
1	49	63
17	48	67
23	48	62
39	49	64
38	53	72
9	51	76
31	51	66
34	53	71
11	53	67
22	55	83
41	53	70
28	54	84
36	55	69
5	56	71
3	56	79
13	57	87
18	61	75
32	99	113
21	64	78
23	64	78
10	68	85
34	70	84
32	70	91
24	70	101
16	70	95
38	70	84
36	73	87
7	73	89
25	73	95
41	72	88
31	74	89
23	75	89
39	78	92
8	79	93
13	86	117
12	80	94
33	86	100
5	80	101
3	79	93
2	80	101
17	82	96
20	83	97
14	85	119
34	88	102
32	88	102
21	90	104
0	91	113
40	93	113
6	93	107
8	93	107
4	94	108
28	93	108
12	95	109
25	97	111
26	130	151
18	98	112
9	98	112
7	99	113
37	99	113
35	100	116
10	100	114
22	107	121
12	106	120
33	107	121
28	107	121
15	108	122
30	202	216
18	110	124
11	111	136
19	112	126
40	119	133
25	151	185
9	116	130
37	116	130
3	115	129
23	117	135
8	117	131
20	116	130
35	118	148
39	120	135
6	121	144
27	121	135
22	121	135
41	122	146
18	122	150
5	122	136
34	123	137
1	122	136
29	123	137
32	125	139
21	126	141
31	127	141
7	127	150
24	129	143
37	134	148
16	134	148
0	136	155
13	138	152
28	138	152
20	158	187
1	142	156
23	142	156
9	142	156
31	143	157
33	143	157
27	168	185
12	143	157
38	146	160
24	148	162
21	149	164
11	148	162
41	149	163
5	149	163
26	158	174
3	151	165
32	152	166
13	153	167
23	153	173
16	154	168
35	159	173
19	160	174
18	168	185
34	162	176
4	162	176
21	163	177
17	165	179
28	167	183
12	167	181
37	168	182
2	169	183
11	170	184
7	171	185
33	177	191
21	174	188
16	173	187
3	174	188
9	177	191
0	299	355
31	179	209
10	178	192
1	178	192
23	181	195
2	180	196
18	189	213
22	185	199
40	186	207
8	186	200
14	185	199
19	187	201
6	187	201
1	190	204
27	189	203
5	190	205
21	190	204
39	192	206
37	194	208
11	192	209
25	193	210
15	195	209
16	197	211
1	202	221
33	198	212
22	199	213
34	203	217
9	201	215
12	213	228
27	202	216
13	203	219
23	208	226
10	208	222
39	216	241
36	210	224
38	210	224
6	212	226
33	216	233
9	212	226
32	213	227
25	214	228
8	216	230
34	219	234
40	217	238
27	217	231
20	218	232
15	226	241
3	220	237
23	227	243
32	224	243
6	228	244
13	237	253
29	228	242
16	231	251
14	229	251
27	232	287
4	238	253
20	231	254
5	234	248
7	234	250
31	234	248
26	274	301
4	259	275
3	236	252
22	236	250
30	236	250
15	238	252
41	239	269
31	246	260
10	242	264
18	242	257
29	246	260
11	244	278
2	244	258
21	251	272
1	247	278
7	277	335
32	247	261
12	247	261
26	249	273
3	250	264
23	250	276
17	250	264
28	250	277
13	250	264
35	249	265
40	253	289
8	252	283
38	253	268
39	254	268
0	254	268
31	257	390
22	272	301
25	261	287
32	270	296
7	257	271
15	256	280
32	258	272
2	257	271
5	258	272
18	260	278
40	310	357
14	291	360
33	264	278
17	306	376
10	267	281
1	275	295
14	267	281
16	268	282
29	267	281
5	269	283
41	269	283
12	269	283
0	272	286
36	274	375
23	273	287
13	275	290
17	275	299
38	277	294
34	308	365
11	276	292
30	277	361
15	278	292
16	279	293
33	279	293
12	280	294
4	280	294
14	279	293
35	281	298
18	281	297
20	280	300
10	281	295
39	282	369
0	283	297
27	289	303
24	283	297
5	283	297
6	284	313
15	289	377
3	286	300
33	314	375
3	299	359
2	287	303
40	287	304
34	287	301
41	310	364
33	291	305
13	291	305
29	291	305
23	291	338
19	293	328
21	293	307
37	293	352
16	292	306
25	292	380
4	294	377
8	294	310
11	296	312
1	296	310
10	297	311
28	297	358
35	301	362
16	329	359
22	304	324
12	302	325
29	302	341
2	302	316
5	304	334
9	305	364
16	306	329
27	307	334
6	311	352
24	318	359
38	307	375
1	307	390
20	310	387
10	310	374
2	314	358
26	311	325
8	311	327
21	312	391
13	312	365
18	313	358
7	333	364
32	317	337
22	322	352
8	327	341
11	323	384
12	325	345
26	328	348
27	331	345
19	331	349
23	476	493
29	342	372
5	332	352
8	338	357
36	398	414
23	341	358
32	366	380
12	342	379
27	343	379
32	345	365
34	375	402
26	345	381
22	349	390
5	350	364
3	356	374
6	355	371
0	357	393
40	354	386
8	355	373
16	357	376
14	357	371
2	357	372
18	356	386
28	356	370
19	366	380
37	360	382
24	360	380
35	359	377
9	361	383
30	365	387
13	365	409
23	364	378
39	366	380
22	441	462
38	375	398
41	373	387
2	370	393
14	370	384
5	375	389
7	374	393
29	375	389
11	422	456
33	376	390
4	376	397
23	379	400
26	379	396
15	380	394
10	380	402
3	380	394
12	382	403
35	383	397
14	387	401
25	384	400
20	385	404
32	386	400
41	391	410
37	386	400
21	388	409
39	389	409
11	389	411
5	388	406
24	391	423
28	391	421
7	475	498
19	392	406
40	391	405
23	438	460
2	395	409
27	396	413
35	398	425
1	397	420
31	402	416
29	400	414
38	402	416
18	402	416
9	403	433
17	404	418
14	440	466
22	407	423
13	406	423
2	408	422
10	408	422
23	409	423
30	408	423
7	409	430
18	413	433
21	413	427
0	414	434
39	414	428
32	414	428
1	422	439
38	417	449
20	418	446
3	418	438
5	419	441
27	421	435
25	422	445
37	428	451
28	435	449
6	423	438
41	423	437
10	424	451
14	424	438
28	424	438
21	424	438
36	425	443
19	427	446
22	430	444
33	429	443
8	431	467
24	433	452
16	432	446
18	433	455
28	480	494
39	436	450
34	436	463
41	437	452
2	437	462
27	438	452
31	442	456
13	442	458
1	444	458
16	444	473
9	445	459
40	446	460
4	447	461
12	448	462
7	449	463
15	448	471
36	450	464
6	452	466
38	456	472
37	452	466
30	452	466
21	454	478
13	455	469
31	456	470
11	456	470
7	461	475
17	462	476
2	467	482
12	461	475
40	463	477
27	464	478
20	463	477
4	464	485
8	466	480
6	465	489
23	465	479
1	466	480
35	467	481
19	468	482
38	470	485
15	469	483
34	471	485
18	473	489
25	473	487
10	473	487
14	474	488
29	474	488
36	475	489
17	477	491
27	484	498
26	476	490
16	477	491
24	477	491
0	479	493
1	480	494
22	487	502
9	483	502
12	484	498
31	485	502
38	509	537
30	487	511
11	488	502
8	489	503
39	499	513
29	493	507
25	494	508
17	495	509
6	495	509
35	494	510
41	542	571
7	496	517
32	499	520
9	549	570
37	497	511
4	497	511
15	496	510
13	501	524
40	498	512
41	498	512
9	501	515
23	501	515
5	503	530
11	504	533
1	503	532
25	505	519
19	506	520
26	507	529
17	508	532
18	507	536
2	508	539
22	508	522
21	509	525
30	511	545
39	510	543
12	510	526
24	512	526
34	512	557
36	516	537
10	514	528
29	515	529
37	515	537
11	531	563
20	517	550
8	516	530
41	521	535
27	520	557
31	522	541
4	522	536
7	521	559
33	533	561
12	523	537
16	523	546
28	524	543
40	526	540
35	527	541
22	527	584
15	528	559
25	532	560
5	529	546
32	529	543
13	530	544
10	530	555
26	533	547
38	534	548
0	535	556
19	535	556
36	536	550
29	536	571
21	537	554
1	538	558
40	538	552
4	539	553
14	538	552
35	539	553
18	541	559
17	541	591
8	542	556
12	541	569
32	546	560
2	548	586
38	548	568
28	549	575
14	590	604
39	548	562
31	550	564
30	553	574
4	550	571
15	560	576
10	552	566
35	554	568
23	555	582
8	556	576
5	557	571
1	558	572
3	558	572
21	557	580
13	559	580
6	560	592
24	560	574
7	562	576
36	562	576
40	562	576
33	561	579
10	564	578
37	567	593
14	564	578
31	563	585
34	566	589
18	573	590
27	566	580
12	568	582
15	597	621
25	569	583
0	573	590
1	573	590
32	571	608
24	572	586
20	572	618
4	572	590
15	574	593
39	575	603
11	577	618
26	577	591
7	579	593
29	579	602
41	580	594
3	580	594
9	580	612
23	581	600
8	579	593
35	582	603
40	584	598
6	592	620
38	583	605
22	584	598
16	585	617
2	586	600
10	587	602
19	587	601
18	588	602
13	589	603
33	592	612
5	590	604
30	592	611
31	593	608
26	595	609
37	593	618
1	594	608
35	602	623
3	595	611
0	597	621
12	596	615
7	597	622
22	600	621
29	600	614
27	600	620
4	601	615
17	601	621
21	601	621
10	603	618
41	608	622
8	605	619
32	606	620
26	607	621
39	607	621
13	609	623