6	20	26
6	33	48
31	26	37
9	24	30
36	65	73
12	30	36
27	30	44
17	33	39
37	32	48
40	34	40
26	32	38
25	34	65
34	33	39
3	35	42
2	34	40
28	37	43
11	38	44
30	39	47
5	39	45
33	39	45
8	39	45
10	42	48
38	44	50
15	44	50
18	44	54
19	47	54
41	58	64
20	66	72
7	47	53
32	48	55
27	56	62
26	48	54
16	48	54
23	70	85
24	51	60
33	53	67
21	53	78
34	54	75
1	53	59
9	54	60
11	56	62
38	56	80
3	56	62
14	60	66
12	61	67
10	62	68
1	66	72
5	67	73
35	68	74
9	68	88
29	68	74
3	68	74
8	73	79
14	72	78
22	74	80
6	74	80
7	75	81
13	74	80
25	76	83
5	86	94
27	78	86
31	96	116
11	80	86
41	82	88
32	89	111
16	86	97
35	87	93
7	87	93
18	87	93
14	89	95
1	88	94
28	90	96
15	92	104
25	92	98
10	92	98
0	94	100
4	95	101
30	94	107
6	95	108
2	96	102
9	99	105
20	102	108
36	105	111
40	106	112
18	106	112
16	108	114
14	113	119
21	113	119
24	120	126
20	113	119
5	114	120
17	132	147
4	114	120
26	137	143
30	118	124
36	121	129
23	121	127
27	121	127
2	125	131
12	124	130
14	125	133
19	126	132
37	127	139
39	129	135
10	130	136
0	130	136
6	134	140
32	136	142
4	139	145
38	139	145
30	143	149
36	145	155
22	152	162
37	169	192
7	151	157
16	159	165
32	160	166
39	165	171
21	163	169
19	168	178
11	176	182
3	174	180
40	176	182
4	175	181
27	180	186
12	181	187
33	182	188
20	182	188
24	185	191
23	188	194
22	187	193
10	192	198
15	193	199
17	198	204
31	199	205
28	199	208
7	199	205
2	202	208
3	204	210
37	204	210
23	203	209
1	205	211
0	204	210
12	206	212
38	210	216
16	211	217
25	212	226
9	212	218
24	213	219
28	214	220
13	235	243
21	215	225
41	216	222
37	217	225
26	218	224
14	219	225
6	220	226
20	225	234
19	224	230
16	226	251
23	227	233
29	228	234
11	229	239
21	230	242
10	232	238
22	290	298
12	263	277
33	239	245
26	242	250
14	243	249
4	244	250
23	253	261
35	246	252
28	247	256
31	247	253
12	250	256
24	251	257
25	252	258
30	253	259
11	252	258
29	260	266
13	258	264
0	258	275
4	259	280
19	261	277
3	261	268
21	260	266
40	260	266
10	264	270
5	263	269
22	265	271
20	264	270
11	266	277
25	334	351
32	266	272
38	271	277
9	271	284
23	277	283
29	273	279
17	274	280
15	274	288
27	274	280
26	274	292
28	275	289
20	276	294
33	276	282
14	276	300
22	276	283
32	278	284
8	279	285
0	361	367
35	280	286
6	281	292
1	303	336
13	281	287
25	282	291
16	288	296
41	283	289
5	284	290
11	284	292
1	286	292
0	288	294
12	289	308
34	290	301
7	291	297
18	310	335
19	298	307
9	300	319
3	294	300
2	300	313
23	295	315
29	297	303
10	298	304
38	298	305
18	298	304
26	298	313
17	300	315
40	300	326
37	299	312
36	299	305
32	300	306
39	301	307
13	301	323
15	303	323
27	308	363
21	303	309
41	306	312
30	312	350
25	313	327
0	307	321
16	307	313
8	307	328
3	307	313
28	307	330
37	319	338
14	313	340
20	310	323
38	311	325
32	311	326
21	350	361
34	311	326
7	311	317
6	313	319
35	314	320
4	313	319
29	316	333
24	315	328
5	315	354
31	316	337
22	317	323
10	316	328
21	318	325
39	321	328
3	319	327
35	337	347
26	322	340
11	322	335
23	321	338
19	323	340
2	322	337
16	322	328
17	323	353
13	336	354
7	324	348
9	326	356
4	326	353
22	328	357
41	332	345
15	328	337
0	331	349
20	331	337
32	331	337
34	331	345
33	332	344
21	333	340
3	337	359
10	340	355
12	337	344
24	336	345
38	337	349
40	341	348
29	343	349
37	345	353
26	348	363
32	343	349
36	345	351
15	344	354
11	344	356
28	347	363
23	347	353
16	347	363
20	349	355
13	440	452
41	351	362
33	351	365
18	351	357
15	362	370
31	352	368
14	354	360
37	358	375
4	358	368
6	358	367
19	358	365
8	360	369
29	360	366
25	361	367
35	361	367
40	363	369
9	366	379
16	371	381
2	368	375
19	372	378
41	373	379
31	374	380
38	375	381
12	376	387
7	378	384
32	378	384
12	401	408
23	378	384
0	380	396
19	407	428
29	385	391
41	384	390
10	385	392
18	386	392
28	389	395
9	393	399
38	394	400
17	396	402
15	398	404
41	398	408
8	399	405
24	402	412
1	401	407
20	402	408
29	402	408
2	407	413
31	408	414
13	409	415
10	409	415
38	408	428
32	410	416
7	413	419
17	414	420
41	414	420
31	429	439
23	416	422
36	417	423
14	419	425
13	423	429
25	423	442
22	426	432
9	425	431
1	428	444
27	430	442
6	430	436
23	432	438
29	440	446
8	435	441
32	435	441
37	435	441
35	438	444
38	440	447
2	438	444
24	440	446
14	442	448
31	444	458
18	445	451
36	455	461
25	448	454
35	450	456
0	457	463
39	458	468
30	459	465
22	459	465
23	461	467
13	463	469
21	464	470
12	464	470
6	465	475
15	468	474
3	469	475
7	469	475
27	475	489
14	471	484
5	471	477
9	474	480
17	474	480
19	475	481
28	475	481
37	480	486
36	481	487
6	491	498
1	481	487
3	486	492
28	486	495
31	495	501
29	512	521
41	491	497
19	495	528
4	493	499
22	492	498
5	494	500
39	496	502
13	495	501
9	497	503
34	499	505
16	500	506
18	503	528
6	519	530
32	508	515
14	509	524
1	509	515
22	512	518
12	512	518
35	598	609
3	514	520
10	516	522
41	518	524
13	517	523
17	517	523
0	520	526
4	521	527
32	521	536
23	524	530
28	524	530
3	526	532
38	527	543
11	532	538
18	533	539
0	532	546
13	533	542
8	535	541
41	534	540
28	535	541
33	537	553
4	537	543
19	538	544
34	539	545
2	540	546
25	541	547
17	541	547
29	541	557
30	541	547
22	543	549
9	543	549
31	547	561
6	546	553
14	549	555
36	548	554
8	549	555
37	552	558
5	552	558
0	552	558
28	551	557
13	556	565
18	555	561
25	556	562
38	556	563
27	555	563
32	557	563
17	557	573
40	558	568
39	557	563
26	558	564
11	559	565
9	560	566
2	559	570
12	560	573
36	560	575
22	562	568
4	563	569
5	563	569
6	563	569
41	564	571
15	564	574
21	566	574
10	566	572
31	566	572
37	568	574
29	567	585
39	570	577
35	570	581
32	570	576
0	572	578
3	572	578
26	573	589
20	575	581
1	574	580
40	576	582
2	577	583
28	578	594
30	579	590
24	579	585
27	581	587
34	582	588
33	587	605
41	585	593
15	584	590
8	591	605
4	591	597
6	591	597
13	590	596
0	591	597
40	593	599
38	595	601
34	595	601
2	594	600
12	596	602
20	596	610
15	597	611
5	600	610
41	599	605
10	601	607
7	604	610
28	603	614
6	604	610
22	605	611
21	605	611
11	607	614
14	607	613
27	607	613
17	608	614
29	608	614
34	609	615