24	27	69
17	31	66
19	33	59
12	30	71
25	27	89
34	30	44
14	30	53
11	33	92
30	23	51
18	29	72
26	31	61
2	27	56
39	35	57
36	34	58
35	33	53
41	30	96
1	27	53
13	35	68
22	34	54
15	34	59
6	35	50
3	34	72
23	30	73
29	34	45
28	36	50
10	40	52
7	42	55
4	44	67
8	41	51
5	47	60
29	54	78
27	51	61
33	55	65
32	57	76
10	62	72
8	69	86
19	75	87
6	71	81
39	69	93
21	71	87
27	73	113
13	73	89
18	81	94
6	89	108
2	93	113
8	99	109
18	97	109
1	102	114
12	100	110
10	101	111
28	109	129
13	107	122
2	122	143
41	122	132
5	119	132
19	115	140
35	124	134
24	125	135
31	126	139
35	136	150
3	135	146
20	137	147
38	138	152
0	146	157
41	156	168
2	156	173
33	163	178
16	182	192
41	186	196
24	194	204
41	207	217
31	212	232
32	224	234
24	217	238
26	227	237
12	235	247
5	241	289
16	247	257
41	232	253
22	253	263
23	252	266
6	246	269
8	254	274
19	255	268
1	250	275
30	258	273
26	259	345
32	259	360
13	256	282
37	265	287
31	267	286
24	264	372
3	262	283
6	271	282
20	270	282
7	268	281
27	272	282
1	276	291
18	282	299
38	276	288
27	283	312
19	283	299
3	288	298
8	281	365
11	287	356
22	286	369
13	287	380
20	291	346
36	281	300
15	289	353
1	292	356
25	288	304
37	296	350
33	295	368
2	293	345
41	303	373
5	296	359
40	295	306
12	299	355
3	299	380
30	299	347
23	301	380
36	303	354
18	303	349
38	297	375
6	305	349
34	305	350
31	296	361
29	307	344
25	307	317
4	307	366
21	310	352
39	311	337
19	307	379
16	298	320
14	311	326
35	309	322
27	313	354
0	315	359
7	299	373
10	321	350
28	319	366
35	324	341
16	322	335
17	326	343
25	326	386
9	317	357
40	326	348
14	327	338
14	340	351
16	342	362
35	344	367
17	344	354
15	354	373
14	355	365
40	354	369
11	361	382
1	365	375
40	372	382
24	376	386
20	375	386
22	379	389
16	379	393
38	377	389
9	379	389
21	379	389
28	388	403
40	401	421
37	404	414
22	404	414
32	398	416
38	407	419
6	410	429
19	406	423
33	413	423
28	405	424
18	408	437
22	417	429
13	417	440
40	430	440
39	442	458
18	442	453
33	443	458
37	452	469
12	451	464
18	454	473
26	454	464
34	457	477
39	460	474
23	466	480
32	471	491
25	474	488
4	481	491
37	485	497
17	484	495
29	487	507
32	496	513
23	499	513
1	502	512
6	504	518
18	509	527
34	508	520
12	505	524
15	513	523
11	513	523
40	519	539
32	520	536
13	520	530
17	527	551
2	523	544
16	532	550
15	529	543
28	522	539
18	535	545
18	546	556
35	545	580
13	546	557
5	544	572
31	548	563
7	548	613
8	547	596
24	551	565
2	554	573
38	544	577
10	565	580
1	558	573
16	565	586
13	567	618
18	564	596
14	566	584
17	567	611
31	566	578
24	571	581
40	569	588
9	567	579
41	561	581
0	570	582
12	572	590
21	564	588
5	581	591
24	584	595
2	578	598
4	586	602
19	591	609
22	586	600
39	593	618
29	595	614
9	599	619
5	598	610
33	599	615
20	605	616
27	603	616
34	605	617
35	591	617
0	605	617
32	20	30
9	25	35
10	26	36
37	30	45
0	33	43
38	33	51
27	37	47
31	37	47
33	38	48
16	42	52
21	49	60
34	51	61
31	54	64
16	55	65
37	57	67
40	60	80
34	66	100
36	66	76
9	68	83
16	71	90
14	70	80
2	75	85
31	78	88
37	79	97
7	80	90
14	92	109
24	84	94
8	87	97
40	86	96
20	89	99
26	90	100
16	94	104
30	95	105
41	98	115
38	101	114
30	106	116
16	108	118
40	109	119
11	111	121
14	110	120
36	111	121
31	113	123
20	119	129
25	116	126
27	119	129
24	163	173
15	126	136
10	130	140
22	132	142
1	131	141
41	139	149
6	141	151
8	140	150
27	143	153
30	144	154
4	145	155
36	147	157
24	149	159
18	200	210
10	151	161
31	154	173
13	153	163
7	156	166
39	161	171
20	165	176
21	176	188
34	168	178
37	183	193
10	187	197
28	193	205
17	190	200
1	194	204
29	197	207
14	196	206
37	197	207
34	198	208
11	198	208
15	200	210
22	205	215
27	206	222
2	206	216
34	209	219
12	207	217
6	211	221
20	211	221
15	211	224
17	219	240
3	215	243
8	217	229
12	219	229
0	219	229
39	219	229
40	221	231
21	223	233
18	225	235
30	228	238
1	230	249
9	231	241
6	233	243
31	236	250
21	241	256
14	238	248
10	240	250
13	245	255
9	245	255
39	246	256
20	247	257
7	248	262
33	247	257
38	250	266
37	251	261
18	252	262
35	252	263
36	255	270
25	255	272
34	259	269
35	275	287
10	260	270
28	260	270
9	263	273
11	266	276
2	265	275
30	276	294
16	271	293
29	271	293
12	272	282
14	272	282
33	280	290
22	273	283
23	276	286
10	275	285
4	281	291
28	286	296
17	293	303
21	294	304
14	295	305
9	299	309
10	303	313
28	305	315
17	310	320
40	315	325
27	359	377
17	366	377
39	342	352
29	347	357
26	352	362
20	354	364
38	391	401
10	361	377
5	361	371
34	363	373
0	364	374
37	364	374
8	367	377
33	375	391
32	376	386
7	376	386
8	378	388
34	382	392
6	383	393
27	386	396
24	388	398
15	388	398
13	389	399
14	390	400
26	392	412
19	393	403
36	393	403
22	393	403
35	395	405
11	396	406
34	397	407
9	405	415
12	405	415
11	408	423
27	408	418
15	410	420
35	412	422
14	413	423
29	416	426
32	419	429
19	424	443
15	428	438
31	429	439
34	430	440
23	432	442
10	433	443
25	433	448
3	434	444
37	436	450
21	437	447
27	438	448
31	440	450
9	443	453
32	446	456
41	448	458
2	449	459
11	449	459
35	449	459
17	451	461
36	451	470
6	454	464
28	457	467
9	459	475
0	459	494
29	460	470
33	463	473
35	463	473
12	465	482
1	465	475
10	466	476
37	470	480
28	469	479
40	473	483
21	477	495
33	480	491
22	480	490
30	482	492
24	482	492
26	483	493
36	484	494
1	491	501
28	490	500
10	494	504
21	496	506
3	495	505
20	497	517
19	503	513
6	536	546
14	506	516
5	507	517
0	508	518
37	517	527
10	514	524
1	516	526
22	518	528
4	517	527
34	521	531
26	520	530
39	525	535
24	525	535
23	526	544
30	528	538
29	528	538
20	529	539
37	530	540
19	530	548
11	531	543
34	533	546
36	535	550
12	534	544
26	537	547
1	537	555
22	539	549
3	542	552
4	545	556
33	545	555
27	546	556
21	547	557
11	547	564
20	549	559
39	550	564
37	549	559
14	549	559
40	550	560
0	552	562
3	560	570
33	557	567
23	560	570
29	574	590
37	571	586
15	564	574
22	564	574
33	569	581
36	569	579
39	570	580
20	574	590
11	576	587
19	577	587
33	583	596
23	584	604
31	584	594
30	585	595
16	590	600
41	592	603
36	598	608
15	595	606
28	594	604
31	597	607
15	607	617
32	601	611
21	602	612
3	603	613
23	608	619
1	603	617
22	603	613
28	607	617
2	608	618
12	608	618
24	609	619