30	53	67
27	30	51
10	21	31
8	41	67
3	52	72
31	24	34
7	26	53
11	26	37
12	27	37
6	27	41
19	29	49
35	34	60
33	29	39
10	42	52
34	31	66
30	32	49
25	32	56
21	33	47
17	33	43
32	33	43
22	34	44
24	34	44
29	34	44
36	34	63
41	36	46
16	38	56
39	41	61
37	56	76
5	43	54
26	44	54
33	45	62
28	50	60
17	46	61
29	46	65
13	46	58
39	63	78
36	64	74
9	47	57
23	48	68
11	49	71
14	50	82
41	54	67
40	57	84
24	50	62
19	51	63
20	51	64
31	51	61
0	52	65
17	63	83
18	62	72
15	54	67
22	56	66
27	56	72
25	65	75
16	57	67
32	62	89
31	62	72
12	64	78
33	68	78
26	63	73
13	63	81
19	64	88
28	65	80
5	66	77
0	67	82
15	68	78
20	69	95
7	69	79
9	71	85
38	71	101
1	72	82
24	74	92
27	73	83
29	74	98
18	74	84
16	74	92
10	74	90
3	74	84
22	76	86
23	80	92
41	77	87
31	79	89
21	80	91
39	80	94
34	82	94
7	83	102
13	84	95
2	88	98
27	85	95
17	106	116
15	87	97
9	88	98
35	89	99
32	90	100
17	92	102
18	92	110
32	109	119
31	93	103
37	93	106
4	92	106
0	92	103
23	96	119
5	95	105
19	96	106
1	97	117
20	99	113
26	100	111
27	99	109
21	99	109
12	102	112
16	103	113
39	105	115
25	104	114
40	107	117
36	109	119
21	115	125
22	110	120
14	110	134
9	111	132
29	110	128
8	111	121
7	112	122
24	114	124
5	153	178
27	115	131
13	115	125
4	116	126
6	134	148
17	117	127
20	119	129
40	120	130
0	126	136
12	120	130
2	119	136
10	122	132
16	124	142
28	126	141
30	136	146
39	127	137
26	133	143
5	132	152
22	134	144
13	133	143
9	135	146
35	146	158
32	138	161
2	139	149
8	138	148
34	138	155
21	142	152
27	142	152
41	143	153
13	145	155
7	146	156
31	146	156
22	149	162
29	148	158
19	148	158
36	155	179
3	152	165
37	153	163
12	154	164
15	156	166
34	156	166
27	157	169
33	158	168
30	161	172
26	160	170
21	162	172
31	162	179
41	164	174
4	166	179
26	172	182
29	164	174
22	169	179
23	164	179
28	170	180
2	166	179
8	165	175
19	172	183
7	169	179
40	171	202
33	171	188
16	172	188
21	267	286
32	181	191
1	174	188
12	174	184
10	177	187
10	188	208
24	179	189
23	182	192
39	181	191
18	181	201
41	183	193
36	182	194
31	185	195
25	186	196
26	185	195
35	195	206
38	188	203
19	189	209
7	193	203
3	194	204
30	196	208
33	194	206
2	217	227
25	199	215
20	199	209
36	200	210
2	200	210
6	239	266
1	210	220
14	204	214
40	204	214
24	204	214
8	206	216
41	205	215
26	210	223
23	209	219
22	209	219
3	210	220
4	212	228
21	213	228
13	212	222
15	214	224
9	215	225
30	217	232
38	219	229
6	219	229
31	221	243
20	224	238
25	247	257
35	242	262
37	224	242
30	290	351
7	227	237
15	227	241
28	241	255
10	228	238
2	233	252
23	230	241
38	230	240
26	235	255
11	237	247
36	234	244
33	233	243
8	244	267
32	244	269
13	251	267
4	251	261
13	237	248
39	237	274
4	239	249
34	239	249
1	239	268
33	246	266
10	241	261
27	243	253
18	248	269
30	247	278
40	247	258
38	249	259
15	250	266
41	263	275
24	253	263
14	258	268
16	252	277
12	252	262
11	260	274
20	257	273
34	258	268
7	287	351
22	257	267
31	258	274
2	259	269
23	260	270
25	260	270
40	260	277
19	261	271
29	262	274
5	269	301
12	264	287
26	283	296
24	264	280
9	265	275
35	268	278
20	282	301
36	267	287
6	268	289
28	270	280
3	269	279
25	271	289
34	270	296
38	272	282
9	283	356
16	279	301
7	273	283
39	276	290
35	282	320
3	314	385
17	278	300
41	279	297
1	280	293
0	280	350
13	284	307
29	281	295
19	287	308
36	292	317
18	281	291
3	283	310
37	284	311
4	284	298
26	299	359
25	294	318
10	285	295
10	296	363
2	284	321
28	285	301
31	288	342
38	286	297
15	312	358
15	288	298
22	289	360
8	290	349
6	292	312
34	299	363
11	293	303
24	292	302
23	292	353
1	294	304
39	293	338
14	296	358
29	297	350
12	298	345
33	297	376
11	327	338
18	299	328
27	299	366
16	312	338
40	299	364
15	301	311
4	302	354
32	302	377
21	307	337
41	306	366
38	316	360
20	313	382
5	311	361
1	306	368
24	306	389
19	314	365
28	307	369
11	310	326
13	312	375
37	313	340
13	386	399
25	322	332
36	321	345
17	318	362
6	319	350
2	323	352
8	385	401
35	330	357
25	336	355
18	336	383
38	367	384
16	339	360
11	341	361
39	342	359
37	346	375
25	356	392
31	347	357
2	354	366
12	350	374
8	355	382
21	352	378
6	354	378
30	358	376
23	356	366
15	360	370
29	360	370
22	362	372
5	362	385
36	361	382
14	366	377
16	361	374
10	364	376
11	363	377
4	365	375
40	367	379
10	394	415
41	367	377
26	369	379
23	370	380
28	370	389
39	370	387
7	370	387
31	370	380
33	380	396
35	372	382
2	371	381
1	374	392
19	374	384
12	375	385
0	377	400
9	377	389
10	379	389
14	379	389
15	380	395
41	385	404
24	393	407
21	388	398
20	389	399
29	388	398
3	390	400
14	390	400
40	391	401
38	393	403
18	395	405
35	396	406
16	395	405
15	397	407
2	397	407
39	400	410
27	400	428
25	399	409
31	401	411
21	400	418
11	401	418
40	402	417
8	403	413
37	404	422
29	403	413
1	403	413
6	405	415
18	412	430
20	404	422
30	406	416
4	405	419
26	408	426
28	409	419
24	412	422
35	417	427
19	413	433
2	413	423
13	414	424
9	417	430
17	415	425
33	415	435
16	414	424
25	419	449
6	418	428
14	418	440
7	419	443
34	420	430
24	423	433
30	422	432
21	430	444
20	424	434
11	425	462
15	425	435
28	434	444
17	428	443
36	427	437
41	429	452
22	428	438
26	429	449
6	429	446
3	434	458
30	446	456
0	432	442
27	435	451
9	435	445
35	437	453
29	437	447
36	438	448
39	438	448
15	441	451
4	442	453
22	441	461
5	443	453
23	443	461
38	444	454
10	445	455
12	447	457
13	447	461
2	449	459
29	449	459
1	456	478
19	450	460
25	457	467
17	454	464
8	459	473
21	455	465
18	456	466
4	456	466
39	456	466
36	456	466
27	458	468
9	459	469
15	460	478
32	460	470
38	460	479
34	460	470
40	462	474
20	463	481
2	462	479
24	467	477
28	467	492
3	474	494
21	468	478
31	470	480
39	470	486
35	472	482
6	474	484
41	473	483
4	474	484
19	475	486
18	509	530
12	479	489
22	483	493
31	483	502
21	483	503
13	483	499
10	483	493
7	488	498
15	486	496
33	485	497
40	486	502
23	488	498
17	523	543
25	490	500
34	492	502
17	494	504
1	494	504
22	496	506
28	496	509
37	496	522
2	498	508
33	498	508
15	499	509
0	499	516
3	500	510
9	499	537
26	499	522
20	501	511
39	500	510
27	500	517
25	503	513
10	503	513
23	505	515
36	509	539
35	507	517
29	506	516
5	507	517
12	507	526
41	507	517
4	515	529
30	510	536
11	510	520
17	511	521
24	510	520
20	513	523
3	512	528
15	518	528
34	512	522
19	513	555
2	515	525
13	515	525
28	516	541
6	516	526
10	516	548
23	516	548
33	516	526
37	531	550
5	525	538
29	519	529
8	519	529
41	520	535
14	520	530
16	523	543
22	522	569
1	524	534
34	524	542
25	525	536
7	525	535
15	529	573
26	527	553
21	527	537
38	528	545
31	529	539
13	529	565
40	531	549
20	530	548
33	531	541
14	534	544
24	533	548
24	602	615
30	537	568
12	537	547
25	549	561
8	538	555
29	539	549
35	540	560
6	541	570
0	541	551
39	573	583
5	542	556
11	542	552
34	567	580
16	546	557
17	545	562
27	547	582
38	547	566
2	546	556
31	549	559
39	551	561
24	551	564
10	552	586
32	552	562
9	552	569
3	553	576
29	556	571
21	560	572
12	556	574
8	558	571
14	556	566
41	556	566
37	557	595
7	557	567
2	557	567
11	564	576
40	560	570
5	566	579
1	560	585
35	562	617
28	562	573
25	563	578
26	563	573
31	563	573
33	564	574
19	566	580
32	572	582
23	568	584
38	567	590
22	570	581
18	571	588
29	572	582
26	574	584
8	573	596
41	576	600
0	578	617
40	593	610
20	576	592
4	579	618
31	579	596
13	581	617
7	581	601
21	582	592
19	581	619
9	582	592
3	588	598
36	585	595
24	584	594
21	603	613
22	588	602
14	589	599
23	590	600
17	595	608
28	594	604
16	590	607
34	591	601
11	592	603
30	593	603
27	593	615
33	594	615
29	595	617
38	595	612
20	597	614
26	597	607
39	603	613
36	597	607
15	598	619
8	599	609
14	603	613
3	603	613
9	598	610
37	601	611
5	600	615
32	601	615
31	607	619
28	607	619
41	606	617
22	605	615
23	604	618
34	605	615
7	606	616
1	607	618
11	607	617
12	609	619
6	609	619