23	22	30
20	24	32
10	27	35
2	40	48
34	28	36
7	29	37
39	30	38
41	33	45
30	31	39
31	38	46
19	32	40
9	34	42
6	34	42
21	34	42
33	35	53
15	35	43
11	37	45
23	39	47
5	39	47
11	49	57
4	40	48
13	42	50
8	42	50
16	45	59
38	44	68
0	46	54
35	48	56
32	47	59
6	47	55
30	48	56
15	49	60
14	50	60
36	50	58
7	51	59
20	51	60
19	51	59
27	51	59
29	52	60
6	83	96
39	55	63
0	59	67
2	57	65
5	57	65
4	59	67
17	60	68
22	61	84
30	63	73
19	66	88
15	66	74
23	67	77
37	67	78
11	67	78
13	66	74
34	69	77
32	70	78
3	69	77
18	71	79
8	71	86
29	71	79
33	72	80
1	74	82
17	74	82
12	76	84
41	76	94
9	78	86
5	78	86
36	78	86
15	80	88
31	81	90
20	112	120
7	81	89
0	84	97
38	86	98
40	93	113
11	90	102
36	90	98
35	94	102
39	92	100
24	91	99
22	129	137
14	94	102
0	100	108
3	97	105
27	100	108
30	100	108
24	102	110
22	110	118
34	102	110
12	104	112
26	106	120
7	107	115
37	108	116
5	109	125
28	116	125
41	116	124
29	115	123
36	119	127
1	120	128
24	164	172
30	122	130
31	124	132
27	131	139
12	127	135
25	127	135
13	127	135
11	129	137
39	129	137
7	131	139
9	131	139
35	132	140
10	133	141
34	136	144
16	139	147
28	139	147
22	176	188
32	141	149
3	142	150
8	143	151
14	143	156
3	153	161
40	152	169
16	158	166
1	164	172
34	168	176
18	186	196
13	178	191
24	178	186
15	187	195
7	186	194
6	189	197
24	194	202
36	196	204
37	196	204
14	209	225
34	200	208
7	219	232
17	204	212
10	295	303
20	206	214
13	214	222
3	207	215
1	209	217
19	211	219
16	211	219
32	213	231
21	213	221
41	216	224
8	219	227
40	221	229
20	221	229
6	221	230
9	220	228
28	222	230
18	225	242
34	225	233
5	226	234
41	228	236
23	229	239
27	229	237
8	231	239
13	238	246
26	232	240
2	234	245
5	237	245
32	240	248
2	276	303
7	241	249
16	277	292
39	242	250
33	248	266
21	243	251
25	245	253
20	245	263
1	247	255
26	247	255
38	252	260
40	249	260
41	249	257
36	249	259
11	249	257
15	249	267
31	250	258
22	305	350
30	252	260
7	254	262
6	255	268
10	255	271
19	256	264
32	255	263
39	258	266
11	263	275
0	259	267
37	259	267
4	259	272
38	263	271
19	270	278
28	263	280
36	263	280
8	264	272
14	266	295
9	263	275
26	265	281
13	333	361
37	274	288
25	266	274
12	288	303
24	268	276
17	270	283
32	270	278
41	270	281
3	273	285
31	275	283
36	300	320
33	274	285
32	288	296
12	276	284
8	281	289
15	277	285
38	280	288
6	281	289
0	284	300
39	283	291
29	282	290
41	285	293
35	285	293
11	284	312
27	285	293
5	287	302
19	288	296
28	288	296
9	290	310
20	301	333
33	289	303
3	304	357
1	293	310
22	292	300
8	292	300
23	292	304
13	295	303
41	297	324
24	305	313
7	298	327
15	305	323
40	306	316
37	298	314
4	300	308
35	301	309
21	301	309
32	308	356
0	305	313
19	308	333
10	309	317
6	310	337
1	315	327
12	309	331
35	312	326
31	309	317
25	310	345
4	315	323
2	310	319
39	311	341
13	316	325
5	310	318
14	310	319
28	313	344
21	312	345
23	313	354
9	314	333
11	315	330
38	315	324
2	322	367
17	315	334
18	316	333
27	316	346
18	337	359
33	316	346
16	317	351
8	318	330
24	318	350
26	320	328
36	331	366
10	322	344
34	322	345
31	322	331
40	323	336
14	325	333
30	326	344
5	326	345
0	327	353
29	328	343
41	330	339
38	332	354
4	331	350
26	333	341
8	333	355
37	333	350
15	335	348
12	336	344
7	337	361
17	342	355
31	337	345
14	336	354
41	342	359
9	340	348
20	342	361
35	345	360
40	345	353
26	346	362
31	348	356
15	352	381
34	348	357
11	348	391
25	350	366
6	353	364
27	353	372
30	353	361
28	353	361
29	353	361
33	353	366
12	354	362
19	355	368
1	355	363
39	358	373
21	357	365
37	360	379
3	362	370
34	361	376
8	362	370
14	362	370
23	364	372
35	366	382
41	366	378
31	368	376
9	369	406
10	476	484
26	369	384
21	370	378
6	371	379
40	374	382
25	375	383
8	374	382
5	380	388
39	377	385
0	379	387
36	380	388
12	381	390
24	385	405
31	385	393
23	389	397
33	389	401
11	395	406
16	393	401
12	393	411
10	394	402
17	397	405
28	399	407
6	399	407
29	401	409
1	405	413
25	405	427
18	407	415
32	409	417
39	448	456
38	415	426
17	413	429
20	412	420
6	412	420
28	417	425
16	415	423
36	419	427
35	419	427
27	420	428
14	423	431
5	425	443
4	425	433
37	427	435
3	428	436
30	428	436
35	430	438
27	431	439
29	431	439
11	432	449
40	432	440
21	438	447
9	439	447
32	440	448
28	441	449
13	441	449
8	441	462
0	443	451
26	444	452
27	445	453
5	447	463
3	451	459
41	452	460
14	453	470
7	453	461
0	454	462
36	534	552
17	456	464
11	459	467
15	464	477
16	463	471
33	468	476
4	469	481
13	471	479
17	470	478
38	472	480
0	472	480
37	480	489
26	475	483
24	475	483
20	480	498
31	479	487
5	480	488
34	481	489
8	483	491
36	482	499
27	484	492
24	486	494
28	489	508
7	488	503
19	489	497
12	492	500
29	495	503
15	501	509
23	501	509
39	503	514
17	504	512
7	506	525
18	508	516
16	510	518
4	510	518
21	510	518
20	511	519
33	512	520
30	514	528
27	514	524
25	543	561
8	514	522
28	516	524
22	517	525
6	519	532
14	519	527
25	520	528
29	522	530
26	521	529
13	521	530
17	521	529
33	523	531
40	577	589
1	522	530
12	524	533
34	524	532
11	524	537
19	525	533
5	527	535
28	529	537
4	529	537
3	530	540
21	530	538
29	539	550
39	532	540
25	532	540
24	537	547
18	534	542
0	534	542
27	534	543
8	535	543
14	537	574
16	537	545
35	538	546
9	540	553
5	539	548
22	542	558
7	543	561
13	542	552
39	548	556
15	545	556
32	545	553
10	548	556
8	548	556
3	548	556
30	549	557
1	550	561
33	549	557
27	550	562
16	550	564
6	551	567
5	551	559
21	552	560
41	553	561
40	557	565
37	557	573
24	558	570
35	560	571
18	559	567
12	560	568
8	561	569
9	563	574
26	562	570
23	593	601
41	566	575
2	566	574
3	566	574
33	566	581
11	566	574
7	569	577
32	569	577
20	570	578
2	577	585
36	570	578
15	572	580
17	573	581
29	575	590
19	577	585
23	577	585
9	577	585
39	579	587
12	579	587
6	580	594
24	582	590
21	582	590
17	601	614
10	584	592
31	585	593
18	585	601
37	585	593
30	588	596
4	587	595
5	587	598
41	589	597
22	598	606
34	593	601
21	594	605
29	594	606
8	596	604
26	596	604
28	596	607
4	598	615
11	598	606
0	600	609
20	600	608
36	602	612
27	602	610
10	602	614
3	606	614
39	604	612
18	605	615
24	606	614
32	606	614
30	606	614
7	606	614
19	606	615
21	609	617