27	22	28
40	26	55
19	26	32
5	24	30
12	24	34
38	25	31
30	27	33
22	27	33
37	30	36
22	41	47
7	30	37
1	30	36
36	54	67
29	31	53
28	32	38
4	33	43
13	33	41
25	33	47
11	34	47
21	34	46
14	34	43
34	35	41
8	35	45
26	48	76
24	37	53
15	38	57
39	38	67
33	38	58
31	38	44
32	39	56
19	40	48
18	46	52
30	41	59
23	42	49
3	43	51
35	44	50
12	45	52
2	46	84
38	45	58
0	47	58
20	47	75
6	50	57
4	51	76
28	50	76
31	51	66
1	52	58
9	52	58
10	53	59
16	54	60
23	56	63
21	58	64
5	56	62
11	56	62
19	56	62
12	57	63
29	60	68
35	60	74
22	61	83
41	62	75
18	62	88
8	64	70
17	65	72
13	66	74
40	66	76
14	66	83
1	65	71
27	67	73
32	68	75
12	69	75
3	68	74
38	70	86
5	69	83
23	72	97
10	73	89
33	72	79
6	72	78
24	72	85
37	72	79
9	75	82
25	73	79
34	76	83
36	76	82
21	77	83
7	77	83
16	77	89
39	76	85
30	77	83
12	118	127
41	80	86
12	82	92
17	83	98
40	85	91
27	84	99
3	85	110
29	87	93
35	89	101
9	89	95
6	91	103
7	91	108
13	92	98
1	93	99
24	94	100
25	94	100
21	95	108
4	95	101
5	95	109
13	104	112
38	96	102
12	100	110
2	97	103
30	97	103
15	98	111
33	99	112
22	123	133
19	100	106
11	103	114
16	104	110
24	105	111
18	103	118
37	105	123
26	105	111
4	107	113
27	108	114
6	109	123
23	110	124
35	112	123
30	114	120
39	114	120
2	114	124
31	116	137
9	118	124
14	119	138
29	120	126
3	127	135
17	125	135
34	124	130
4	124	138
33	125	131
1	125	131
7	124	130
41	125	131
40	127	133
6	132	141
32	127	133
10	135	144
19	131	137
23	131	137
38	131	137
36	258	265
2	134	140
26	134	140
20	134	140
30	136	150
18	136	156
33	136	151
32	139	145
25	141	147
40	141	147
8	144	162
1	148	154
0	149	155
3	149	163
12	151	157
27	168	190
34	151	157
10	153	159
32	153	159
28	153	159
36	156	175
25	158	164
39	158	164
15	160	166
16	160	166
0	184	204
30	161	167
40	170	179
24	163	169
12	163	179
7	163	169
14	164	170
4	167	173
37	167	173
6	170	176
29	178	195
3	173	185
28	179	185
41	175	181
30	176	182
15	176	182
17	180	186
35	181	187
34	183	189
23	195	207
1	185	191
10	186	193
6	184	190
24	187	193
19	187	193
8	188	196
16	189	195
20	189	200
38	191	197
37	191	199
30	192	213
19	199	210
2	194	200
4	195	201
17	195	201
6	204	210
40	199	208
29	201	212
18	198	210
31	199	205
15	203	209
9	202	213
34	204	210
25	207	223
39	207	213
22	209	215
21	210	216
31	210	216
7	213	219
24	216	222
3	215	221
37	216	244
34	220	227
38	220	226
27	220	227
10	271	296
1	222	228
8	223	229
30	224	230
33	226	232
26	227	233
2	228	248
17	230	238
24	234	246
18	230	254
16	231	237
29	230	245
14	232	238
12	233	242
13	233	254
34	232	238
40	234	240
0	266	297
1	236	242
27	236	286
3	236	244
21	235	241
23	238	244
10	245	266
20	240	246
4	242	253
28	243	249
0	242	249
26	244	271
19	256	275
30	245	251
39	274	298
21	246	259
35	246	273
33	247	258
1	248	259
7	248	258
36	247	253
11	247	253
5	251	260
28	264	272
6	251	290
17	251	260
25	255	264
23	252	267
8	253	259
29	255	266
16	256	270
14	261	267
20	260	266
3	260	266
32	264	270
37	261	283
9	261	267
39	262	268
40	262	284
38	263	269
3	284	303
33	267	273
8	267	277
17	265	274
12	266	285
2	268	291
22	288	334
30	269	275
9	272	281
22	271	278
3	271	277
24	273	283
31	274	280
20	273	288
7	273	288
18	292	298
5	275	295
29	276	282
16	276	282
4	277	283
17	279	285
15	280	286
30	280	286
35	281	298
19	281	287
23	283	339
11	284	291
21	286	299
26	287	293
38	295	356
37	289	295
34	288	294
40	294	329
24	288	294
31	290	315
36	316	338
14	291	297
1	291	301
12	291	331
39	303	338
18	306	386
9	292	298
13	293	348
19	292	319
33	293	340
41	293	299
4	300	330
1	312	325
2	299	331
14	303	329
36	294	300
17	298	376
25	298	333
30	299	343
7	300	356
24	300	306
27	300	332
26	300	306
28	300	368
8	302	312
11	302	333
6	304	359
9	308	356
15	303	364
16	315	364
21	304	329
37	305	372
5	304	367
16	304	310
29	305	361
27	340	354
0	309	343
10	308	339
3	312	326
35	316	366
20	309	343
26	311	348
34	311	355
32	310	362
41	315	335
8	317	349
24	316	353
31	320	345
12	340	346
22	378	395
14	338	361
23	364	370
1	330	370
3	333	381
19	329	357
21	335	344
11	340	366
2	340	346
4	336	349
40	338	384
39	346	365
25	341	351
22	342	348
36	344	356
33	345	355
10	347	357
8	357	372
4	354	360
0	350	383
23	353	359
30	353	375
31	353	361
22	355	361
12	356	382
41	355	402
13	358	364
27	359	409
25	357	369
26	358	373
21	358	366
10	365	372
2	359	373
34	360	366
20	363	379
7	362	383
6	365	385
4	366	375
9	366	372
29	366	372
13	369	378
31	367	376
15	369	375
24	376	382
16	373	379
19	373	379
32	374	380
11	376	383
34	376	390
35	377	383
36	378	384
21	384	398
10	379	385
8	379	385
28	382	388
23	381	387
30	405	434
29	383	389
9	383	389
20	384	390
3	386	408
14	388	396
31	389	395
24	388	396
15	393	399
16	396	415
5	390	404
6	392	398
11	394	400
28	395	401
12	396	402
33	397	403
35	397	413
4	398	404
23	400	406
18	401	407
20	401	407
29	401	413
34	402	408
38	407	413
24	408	421
1	413	423
5	411	417
23	413	426
11	413	428
8	412	431
6	413	419
40	413	419
26	492	501
22	414	420
33	453	461
12	416	427
17	417	447
36	416	422
0	417	429
38	418	424
7	422	439
9	436	442
2	422	428
34	475	482
10	422	436
35	422	428
18	424	430
25	424	431
31	425	439
32	424	430
9	425	431
4	428	434
41	427	442
13	430	436
19	432	438
21	433	439
11	433	439
32	435	441
40	434	442
0	436	443
29	437	444
15	441	447
27	437	444
5	436	452
12	437	447
28	437	443
18	440	446
30	439	450
34	442	448
10	442	448
8	447	453
38	494	503
35	445	451
4	447	453
16	447	453
24	449	455
39	449	455
31	449	462
20	450	456
27	450	456
23	560	573
7	450	474
28	453	459
3	455	461
26	457	464
17	457	463
41	458	464
6	458	464
11	459	465
2	459	473
1	462	468
36	462	470
8	463	469
22	464	470
21	466	478
5	466	472
4	466	480
25	467	473
41	470	476
32	469	475
15	471	477
27	473	479
35	473	479
12	473	480
5	479	485
23	474	485
10	474	480
41	510	545
40	476	482
19	478	484
25	479	485
30	479	485
28	479	485
6	480	486
39	479	494
18	512	528
17	481	487
8	481	493
6	491	499
21	486	492
10	485	497
18	486	505
24	486	492
40	487	493
19	489	499
7	491	566
14	492	501
35	494	500
11	494	503
15	494	500
12	498	514
21	498	504
30	498	504
25	499	505
29	501	507
20	500	506
10	502	529
5	502	508
23	501	507
33	502	515
37	504	517
4	504	510
9	504	510
40	505	515
0	504	511
16	505	527
36	506	512
34	506	512
32	508	522
28	507	550
11	509	528
25	510	545
13	511	532
39	512	540
27	511	533
23	513	529
5	513	521
15	513	519
17	515	521
31	515	566
20	515	532
6	515	521
1	520	528
38	520	526
2	521	557
3	525	605
4	526	556
22	525	531
26	527	542
34	533	556
21	529	563
6	528	549
9	531	546
36	531	543
14	532	546
5	532	541
29	532	538
16	534	540
24	540	554
1	533	539
15	535	541
33	536	542
17	536	542
18	536	542
37	541	559
23	537	543
19	537	543
30	545	551
35	541	561
27	544	550
40	544	550
12	547	553
1	545	559
22	548	578
5	547	559
16	548	554
19	550	579
14	552	558
11	552	568
38	552	558
13	552	569
10	554	561
32	553	559
40	558	564
17	555	569
0	555	561
28	555	569
25	558	564
11	594	600
18	558	564
24	559	574
33	559	565
8	560	576
20	559	565
41	559	565
36	560	579
6	562	574
16	562	590
39	563	575
30	563	575
27	563	569
9	562	568
26	565	571
14	568	574
37	569	575
21	569	592
35	568	574
10	571	577
40	571	577
18	572	578
12	572	597
32	571	577
1	572	578
7	573	587
25	578	611
34	574	580
17	576	588
27	575	581
4	575	581
9	576	582
5	578	584
20	578	584
23	578	584
0	577	596
26	578	592
15	579	585
2	580	586
11	581	587
6	580	596
29	581	592
32	582	588
19	586	597
33	583	592
7	599	615
34	588	594
36	587	593
28	587	593
30	590	598
9	590	600
22	591	613
18	591	606
15	592	598
40	592	598
1	594	606
38	595	614
31	597	610
27	597	614
4	597	603
23	596	605
39	598	605
41	598	613
20	598	604
16	599	605
14	600	610
33	601	607
17	604	610
35	600	614
24	603	609
26	604	610
2	606	612
19	606	615
9	607	613
8	608	614
4	608	614
12	608	614
29	609	615