37	37	59
20	48	54
28	24	30
22	34	59
6	25	48
32	25	31
17	25	32
34	27	54
36	29	35
13	49	65
8	29	41
25	29	41
0	40	49
35	31	41
15	32	38
3	32	38
16	34	40
27	34	51
23	34	48
18	35	47
13	34	40
1	36	51
9	35	63
40	35	41
33	37	46
38	36	50
31	36	42
28	36	42
19	36	42
2	39	45
32	39	71
24	39	48
17	40	47
39	40	46
11	41	63
7	43	53
26	44	50
5	44	54
10	47	72
12	48	61
21	49	55
2	50	56
25	51	57
17	52	62
19	52	58
33	52	61
35	53	59
5	64	90
39	54	60
4	56	67
31	55	61
30	56	72
1	56	63
14	56	62
27	57	64
24	59	68
31	77	91
0	61	67
28	63	71
41	66	75
29	106	112
40	67	73
23	67	77
11	68	74
8	66	85
22	68	85
38	81	94
3	69	82
16	70	80
26	68	74
18	69	75
2	71	77
15	71	92
1	71	77
39	73	90
9	73	81
7	73	97
29	73	81
19	75	81
14	75	83
17	74	94
36	128	134
32	77	104
4	77	93
37	78	84
30	77	91
12	80	86
40	80	86
11	79	85
28	82	88
13	81	87
26	85	94
36	85	91
24	86	92
6	86	99
19	88	94
16	90	111
1	89	126
27	89	95
20	88	94
25	91	97
8	91	97
22	93	111
33	91	102
35	91	97
40	93	99
37	92	98
34	95	106
13	94	100
6	107	116
21	98	104
14	99	105
4	109	115
36	105	123
38	103	109
41	103	113
25	104	110
17	112	119
20	106	112
39	107	113
27	107	113
0	106	112
11	108	122
3	109	115
23	109	115
14	112	119
31	112	118
40	111	132
18	111	117
15	113	120
9	115	121
33	127	133
12	119	125
39	122	128
25	121	127
0	123	132
37	123	132
41	124	130
13	127	133
32	132	139
29	127	133
20	129	135
38	132	138
28	133	155
26	134	140
14	135	149
2	134	140
1	139	145
9	140	153
6	139	145
18	140	146
22	142	148
23	143	149
31	143	158
34	142	149
41	144	150
17	145	163
0	147	153
39	147	153
32	149	163
20	151	157
27	151	157
1	151	157
26	152	158
21	153	159
36	154	160
15	155	161
35	157	163
40	158	164
11	156	169
10	163	170
23	159	170
9	159	165
3	202	223
31	175	193
29	160	166
39	160	185
22	160	191
1	163	169
16	162	168
21	164	170
15	167	173
34	166	172
40	229	243
38	172	178
28	170	176
36	194	203
7	174	188
27	169	175
41	172	178
40	171	177
9	288	359
20	171	177
3	173	179
0	173	179
12	172	192
19	172	178
6	173	179
32	173	179
14	175	183
26	181	187
15	186	192
30	185	191
16	186	196
0	185	191
28	186	196
1	186	192
17	188	194
39	191	197
9	190	196
40	199	205
14	201	207
11	193	199
34	193	199
19	193	199
30	196	219
31	199	205
24	200	206
41	207	213
33	200	206
15	200	215
10	287	300
22	202	208
21	210	216
25	203	209
11	209	222
34	205	211
24	246	258
28	206	214
12	207	213
34	302	338
4	210	216
14	212	218
36	211	217
39	212	228
27	214	220
37	215	221
33	216	222
4	222	229
17	216	222
15	222	233
29	222	228
40	270	281
6	218	224
9	225	247
23	223	229
19	224	243
26	223	229
41	226	239
16	227	246
35	228	234
6	229	235
10	229	239
20	237	256
31	231	243
0	231	237
5	231	241
32	232	238
37	232	238
3	233	239
25	238	282
8	234	240
15	239	269
7	236	260
21	234	240
28	238	244
18	280	361
33	239	245
11	246	258
17	241	262
12	243	252
1	247	289
3	247	253
8	250	262
39	262	269
13	252	258
27	256	264
31	250	256
32	250	256
0	252	267
18	254	262
23	254	260
38	258	264
16	254	271
19	255	305
14	255	261
6	257	266
2	258	264
41	258	264
40	257	263
9	257	275
22	257	269
5	258	268
36	260	277
21	260	275
41	270	301
7	270	293
35	262	289
12	265	275
34	263	269
32	263	269
28	265	271
31	266	303
10	271	277
37	267	276
30	266	281
17	268	274
11	274	280
13	269	287
24	270	276
26	292	352
26	271	277
2	271	293
38	272	305
5	273	279
33	272	278
27	275	303
14	274	280
20	276	282
15	275	281
22	276	288
8	278	284
27	308	346
12	285	291
6	280	286
16	279	319
0	280	368
4	281	287
2	302	327
34	284	292
32	300	355
39	306	358
14	287	296
33	296	355
28	288	327
4	294	302
39	292	298
36	292	340
25	293	350
23	293	300
21	295	324
2	337	393
8	296	313
29	295	302
15	295	310
38	310	376
3	296	342
17	296	307
1	297	303
13	299	309
35	301	307
6	301	365
5	304	316
12	303	382
30	303	351
41	314	372
19	311	352
16	331	347
7	304	359
11	306	343
24	307	358
4	307	371
1	309	328
10	310	376
22	310	336
31	310	358
29	310	370
40	310	337
37	310	361
23	311	346
35	316	370
17	314	360
14	313	365
13	314	351
20	316	354
15	321	370
5	322	378
8	325	332
28	333	342
21	337	353
34	344	380
1	338	380
8	341	370
40	346	363
36	346	357
30	412	434
22	350	364
16	353	359
11	353	364
27	353	362
26	358	382
28	356	362
13	358	364
10	382	389
3	359	365
33	360	375
19	360	368
36	362	385
31	363	380
24	363	369
22	370	385
21	365	377
7	364	382
32	364	374
30	367	389
17	368	377
3	372	379
20	368	378
25	368	390
9	368	374
18	376	384
39	371	384
28	370	376
13	370	376
11	372	378
14	372	387
37	374	380
15	376	392
9	379	385
19	381	388
16	380	393
29	380	398
38	390	401
3	384	393
20	383	389
0	384	390
35	386	418
24	385	393
37	387	393
26	387	393
8	387	394
6	389	395
1	388	394
9	398	404
32	396	404
33	394	400
14	395	403
5	396	402
40	402	411
17	397	403
20	400	406
13	409	432
7	402	413
10	403	413
31	403	409
25	405	411
0	404	410
16	407	413
28	407	413
33	409	415
22	411	417
29	410	416
26	414	429
18	417	426
1	415	429
9	415	421
2	417	423
11	416	430
25	418	424
16	420	426
22	425	431
3	445	456
41	422	439
12	424	435
4	423	442
7	423	429
9	485	492
40	424	430
23	427	433
27	428	434
17	429	435
10	428	438
19	428	434
37	430	436
9	430	436
36	432	442
18	431	443
6	434	444
1	436	456
29	436	442
21	480	493
33	437	443
39	437	443
0	437	450
15	444	450
25	441	447
24	443	449
20	443	449
37	550	560
12	444	450
33	450	461
13	447	453
19	448	454
34	448	454
16	449	455
26	450	456
8	451	457
17	452	464
30	454	460
28	455	461
23	455	461
7	455	461
12	455	461
24	456	466
32	458	464
0	461	471
22	458	473
21	461	467
39	461	467
18	461	475
31	462	487
23	468	480
9	464	470
16	463	473
40	471	477
27	466	472
11	467	475
10	467	477
0	543	567
36	474	480
6	471	477
17	470	476
26	472	478
19	472	478
33	471	482
39	475	485
15	475	481
34	476	488
28	479	485
22	478	484
14	479	485
12	482	501
3	482	490
13	484	490
38	485	491
17	491	500
5	487	505
25	488	494
4	489	499
15	491	497
28	490	496
23	492	498
10	495	501
7	495	518
18	516	527
27	496	502
25	504	511
18	498	504
26	564	574
8	500	521
32	502	517
33	502	508
13	503	516
1	516	530
19	503	509
9	505	519
2	505	520
31	505	518
38	506	512
37	507	513
27	507	525
16	509	515
34	512	518
11	511	533
15	512	535
14	515	535
30	514	520
36	514	568
26	515	540
6	516	522
5	516	522
29	518	540
41	518	530
25	519	525
22	518	528
10	519	525
23	519	528
39	520	527
40	519	530
4	519	525
24	521	527
21	522	528
31	523	551
3	525	535
32	526	547
35	525	531
33	527	534
19	527	533
4	559	576
9	528	536
7	528	534
22	550	564
6	527	533
0	527	535
28	529	541
37	530	536
5	531	537
16	532	545
2	532	557
21	535	541
25	535	548
23	535	565
8	535	541
24	535	544
34	537	543
18	536	545
17	542	558
12	539	545
38	540	561
4	541	547
35	543	549
11	544	550
1	544	563
15	543	549
40	545	595
5	545	559
29	546	552
8	546	552
19	546	552
9	548	565
6	548	570
7	549	555
10	551	557
14	551	566
20	551	557
16	552	560
3	551	557
34	553	559
30	552	567
32	555	571
28	557	563
11	558	573
29	558	580
27	557	563
17	588	594
33	561	567
25	561	567
12	562	583
19	562	568
15	563	591
39	562	574
3	563	569
37	566	572
8	589	606
20	568	574
13	567	575
27	568	574
28	569	575
3	574	580
24	571	613
21	572	614
0	572	610
16	572	613
9	571	577
34	574	583
5	573	591
31	574	585
14	580	591
33	576	582
41	577	584
32	576	585
19	576	582
22	577	583
23	577	583
6	581	587
1	580	589
26	582	588
2	582	588
10	583	591
19	591	597
40	604	611
4	585	601
35	586	592
20	586	601
34	588	608
13	588	594
27	588	594
39	588	601
28	589	598
38	592	609
18	592	602
41	591	597
22	596	602
32	593	607
25	594	600
9	594	600
30	595	601
23	598	613
17	604	610
36	597	603
33	597	603
12	599	605
35	598	612
3	599	605
27	601	607
13	600	613
2	602	613
29	603	614
37	603	612
14	604	610
10	604	610
39	607	613
30	607	613
22	607	613
1	608	614
36	609	615
7	609	615
18	609	615
19	608	614