23	39	54
39	52	64
1	39	75
31	38	50
18	21	33
9	34	54
25	22	40
4	27	39
28	29	41
26	31	58
33	45	100
15	35	64
0	32	46
7	45	68
30	33	53
34	75	98
29	35	59
34	36	54
5	42	63
32	45	74
38	37	49
24	38	60
14	43	56
27	42	54
35	44	56
20	46	58
16	44	61
11	45	57
36	45	66
8	45	115
12	45	67
17	46	59
40	46	64
41	47	59
3	46	74
37	46	63
0	46	58
30	53	68
28	48	63
2	50	80
38	49	67
18	56	68
6	51	63
21	52	64
19	57	79
9	53	65
11	58	72
41	63	79
25	56	68
31	57	69
13	58	82
29	59	71
35	60	76
22	62	74
28	68	86
16	64	88
0	63	85
39	63	110
26	74	87
21	67	84
24	67	80
17	67	80
12	68	86
9	68	80
14	69	82
36	72	85
37	71	95
25	73	85
10	73	85
20	75	87
1	74	86
11	75	87
18	74	96
35	77	89
6	78	92
32	78	90
38	77	89
40	79	91
17	80	115
27	80	92
3	80	95
4	88	109
22	81	93
24	82	94
36	85	97
26	121	149
30	88	104
14	87	101
15	88	100
2	90	102
32	91	103
25	92	104
0	93	105
20	92	104
11	94	111
38	93	111
5	95	115
32	124	137
31	94	106
36	96	108
12	95	107
41	95	107
19	97	111
19	153	165
29	97	109
23	97	115
31	106	118
10	102	114
32	103	120
2	105	119
40	103	120
30	105	120
13	110	123
27	106	118
6	106	122
35	108	120
33	108	120
28	108	130
3	112	140
38	112	124
21	112	124
41	113	125
19	113	125
12	115	131
18	114	126
31	117	129
34	118	151
17	119	131
24	119	131
16	119	131
14	120	132
11	121	133
23	124	136
37	124	137
4	124	136
1	132	144
10	125	137
31	129	141
5	130	145
38	131	149
33	132	144
29	132	146
8	136	148
23	135	147
26	150	170
22	138	150
0	137	150
21	142	159
30	139	151
15	141	153
2	141	153
24	144	174
37	145	157
28	147	159
36	149	161
23	163	198
39	151	164
2	152	174
25	151	163
40	154	166
18	154	166
41	154	175
31	156	168
7	156	168
30	157	169
21	159	196
32	159	182
10	161	173
12	161	182
30	170	185
39	165	177
8	166	178
26	173	186
36	169	186
29	168	180
14	169	181
9	172	196
35	172	184
5	172	184
13	174	186
27	174	186
34	175	197
37	177	189
33	176	188
8	177	190
18	178	197
38	177	189
40	178	190
10	183	207
22	184	196
25	190	202
14	187	199
6	197	223
3	187	199
5	244	292
36	188	200
20	190	202
29	190	207
5	191	203
32	194	206
9	197	212
33	196	208
4	208	220
22	198	210
1	201	213
24	202	216
21	202	214
38	201	220
11	203	215
5	203	215
28	225	240
15	204	216
2	205	217
10	215	227
32	209	221
30	210	222
41	210	222
23	269	361
40	212	225
29	213	225
19	214	229
20	215	227
5	214	226
18	217	229
39	217	247
16	216	228
31	218	230
21	218	230
34	219	231
12	221	233
1	223	235
15	222	234
18	231	256
38	223	237
25	223	238
17	227	239
40	236	248
10	229	241
3	228	240
5	230	242
2	231	248
11	267	371
33	231	243
16	232	244
19	234	246
27	235	254
14	234	246
4	242	254
15	235	247
20	236	256
19	270	299
6	239	251
13	238	250
16	247	262
37	241	253
1	242	254
26	241	253
12	242	257
19	255	271
41	243	255
17	243	267
29	243	255
22	243	255
15	246	280
35	245	261
25	247	266
0	247	259
34	248	260
21	248	267
26	253	274
9	251	263
14	248	260
10	250	281
7	255	274
31	251	269
32	250	262
24	251	263
4	254	290
39	253	265
8	255	267
27	255	281
30	256	268
20	255	271
33	257	277
38	257	277
3	257	280
6	258	272
14	262	290
41	260	280
28	259	286
16	263	286
36	261	290
35	266	295
32	261	281
34	263	300
22	274	295
22	263	275
13	268	288
30	268	280
0	268	299
40	269	281
39	270	282
18	270	283
35	322	367
31	273	285
24	273	363
37	286	300
33	354	377
37	273	285
2	278	341
9	274	286
26	276	288
33	276	288
21	278	296
12	277	298
9	299	366
20	280	295
15	279	295
30	279	291
12	357	387
38	281	294
8	288	303
3	283	297
7	284	296
31	287	299
41	287	299
25	288	300
18	291	303
1	292	305
28	292	304
27	292	331
14	291	355
32	295	370
29	291	313
5	292	304
30	294	365
22	295	321
38	298	368
10	294	382
3	296	317
36	301	347
12	297	315
17	295	307
25	304	317
26	299	375
19	298	341
4	298	377
39	312	367
6	300	369
20	301	364
15	301	364
40	302	368
21	302	366
35	301	323
16	302	314
34	317	352
31	303	374
18	306	362
37	305	320
1	305	356
5	307	350
17	308	362
7	306	366
8	312	375
28	307	384
0	309	322
13	308	320
27	333	386
25	318	349
29	313	358
3	319	377
41	317	341
12	317	355
33	316	352
13	319	363
22	320	358
37	323	345
0	324	371
16	325	340
19	342	368
41	341	362
16	341	370
37	344	367
36	346	379
2	349	377
38	403	417
5	354	373
22	357	369
25	361	387
1	357	375
17	361	379
41	361	373
14	359	380
23	360	394
22	368	381
18	366	387
34	363	391
15	401	417
13	365	377
21	366	385
24	366	378
30	367	402
20	367	389
35	372	394
15	370	400
40	375	397
9	372	384
39	372	393
19	372	384
36	381	396
1	378	399
26	378	395
8	379	391
29	380	392
32	381	393
37	381	393
12	386	410
13	387	399
9	398	410
7	385	425
25	388	413
28	388	400
14	482	495
21	393	405
18	395	413
6	390	402
19	391	403
10	390	402
14	393	405
8	395	430
24	396	408
26	401	417
14	405	417
39	399	411
41	405	426
32	442	468
6	401	423
10	404	416
34	404	416
27	406	438
21	407	419
11	407	419
0	408	420
30	408	420
17	410	422
2	411	430
40	428	447
1	413	425
32	416	428
22	418	435
13	426	438
20	434	446
21	420	432
39	419	431
31	419	431
30	419	431
18	422	434
4	422	434
16	422	434
38	424	436
6	424	446
29	425	444
15	430	442
7	426	448
14	429	441
28	429	441
9	428	440
36	428	440
27	446	459
39	433	445
31	485	510
31	434	446
0	435	447
8	434	448
10	437	449
41	436	448
33	436	463
18	446	458
16	438	453
26	437	449
5	437	449
9	441	464
28	443	455
30	444	456
17	448	462
25	447	459
9	486	499
35	450	462
2	450	465
11	449	461
14	451	463
39	471	499
9	464	476
24	456	468
20	456	468
21	458	485
41	457	487
6	458	470
29	460	472
18	460	472
0	462	474
23	464	476
17	465	477
2	466	478
30	466	486
38	468	480
12	468	480
37	470	482
13	470	486
5	471	483
0	473	485
19	473	485
34	475	487
35	476	488
7	476	488
14	519	546
12	479	491
28	480	493
15	481	493
32	482	494
10	483	495
26	483	497
30	486	498
8	485	497
5	487	499
6	487	507
7	487	499
36	488	506
38	489	501
20	489	501
25	490	512
34	536	555
30	522	553
0	493	518
16	498	513
21	494	515
3	495	513
23	495	512
2	496	515
11	496	563
29	497	530
8	497	518
18	498	510
30	498	510
8	568	580
9	503	515
12	503	515
35	505	518
41	505	523
34	510	522
4	507	527
5	508	520
9	516	560
39	507	519
14	508	520
15	509	521
18	510	525
28	511	523
37	511	523
6	512	534
31	512	524
17	511	533
21	514	526
20	512	532
7	512	533
23	512	530
8	522	537
24	517	569
24	571	590
40	515	527
33	517	536
0	518	530
25	518	530
16	519	531
15	520	536
39	521	537
26	520	542
31	526	548
27	523	541
19	523	535
34	523	535
28	525	537
2	526	538
5	527	548
38	530	542
29	542	561
4	532	544
36	533	569
39	536	550
28	551	589
21	533	560
17	533	545
10	533	545
6	533	554
15	540	554
32	535	547
35	535	576
40	535	547
1	537	557
9	592	616
25	540	602
2	540	563
37	541	563
18	540	554
20	542	568
41	540	567
38	542	561
17	544	582
16	545	578
7	546	558
26	547	559
27	547	566
4	550	564
22	547	559
30	576	596
32	551	578
31	552	564
39	552	569
12	551	563
10	552	572
19	553	565
6	570	596
0	556	571
30	557	569
3	556	568
18	556	572
5	557	569
40	558	570
33	559	573
22	559	571
15	561	573
9	562	574
12	563	599
21	562	574
37	564	580
1	564	595
4	564	581
11	565	582
29	565	583
23	565	577
26	566	578
38	567	579
19	567	579
39	575	600
20	570	615
40	572	595
41	573	585
2	573	585
34	573	590
14	574	586
0	573	585
41	591	618
17	583	595
32	577	589
3	576	594
5	577	589
21	577	589
13	578	590
7	578	613
31	579	591
35	580	592
9	581	593
23	582	594
26	585	597
18	586	598
11	587	605
15	586	598
22	586	598
19	587	610
27	587	599
36	588	614
16	588	613
24	590	602
33	591	615
10	590	602
29	593	611
5	592	604
32	592	604
23	594	606
31	593	605
17	595	617
30	595	607
40	594	606
22	598	619
8	594	620
10	602	617
21	596	612
14	597	609
38	600	612
12	598	610
35	598	610
13	598	610
2	604	621
28	599	613
37	601	613
26	602	616
3	602	617
5	604	616
32	603	621
6	604	616
34	605	617
40	607	619
27	609	621
13	609	621
15	609	621