28	48	54
27	22	28
34	36	52
19	25	31
9	26	32
2	27	33
41	38	44
29	29	35
18	29	37
23	29	38
28	32	38
1	32	38
8	33	45
11	44	50
2	40	46
13	39	45
31	58	71
21	40	46
16	41	51
26	42	48
25	42	68
39	43	49
31	44	50
30	47	56
29	47	53
20	62	68
32	52	58
24	52	58
6	55	61
27	55	61
0	56	62
1	66	80
40	56	62
19	59	65
11	61	68
16	59	65
17	60	75
33	61	67
18	61	67
30	61	85
9	64	73
14	64	70
5	65	71
6	67	73
39	68	74
7	69	75
10	69	89
24	69	89
21	70	76
37	77	83
16	74	80
40	75	85
29	73	79
14	75	81
35	75	81
19	76	82
23	76	82
22	78	84
28	77	90
8	77	83
2	78	85
11	80	86
39	80	86
38	83	89
0	85	91
15	84	90
14	96	107
34	86	92
22	93	99
5	87	93
30	90	96
9	91	97
17	90	96
25	91	106
24	94	100
36	97	107
6	99	105
35	102	108
0	102	108
18	105	111
29	106	112
2	108	114
22	111	117
10	111	117
26	113	119
12	117	127
36	113	119
14	115	124
17	115	121
29	118	133
39	124	130
41	121	136
15	120	126
13	120	135
5	122	137
8	124	134
40	125	131
36	127	133
22	138	144
18	137	143
37	130	136
15	131	137
23	134	140
34	135	141
40	140	146
24	137	143
11	135	146
33	140	146
2	199	213
1	145	151
29	150	156
9	191	199
4	152	158
39	244	256
16	155	181
21	155	161
28	159	165
35	157	163
31	168	174
25	161	167
9	165	181
39	167	173
40	166	172
30	167	173
11	170	176
40	271	281
35	174	180
34	173	179
38	180	186
8	180	186
34	186	193
18	189	195
8	287	298
38	201	219
22	192	198
36	194	200
14	199	205
40	200	206
41	198	205
35	201	207
25	203	209
31	205	211
21	205	219
22	205	211
36	209	223
39	274	280
3	214	221
10	214	220
8	217	223
24	217	223
11	219	232
18	218	224
14	218	224
37	223	229
5	247	253
26	228	242
3	250	256
30	226	232
3	232	238
39	230	236
35	234	240
40	234	240
12	234	240
8	236	249
7	236	242
17	237	243
36	239	245
27	248	257
37	241	266
4	241	247
13	284	360
32	243	249
29	245	259
23	244	250
34	246	252
38	245	251
11	249	258
25	316	324
19	249	266
24	249	266
30	289	300
30	251	257
14	252	261
2	253	263
17	252	258
0	252	258
21	301	307
6	252	258
22	253	273
32	256	262
38	315	322
15	262	269
12	259	265
35	269	275
18	263	269
21	263	269
33	264	270
23	265	271
27	268	274
13	268	274
20	267	307
11	269	275
1	270	276
26	271	277
5	271	278
25	272	278
16	272	278
12	271	277
29	272	284
18	277	283
14	273	286
7	275	281
24	274	289
28	277	291
19	301	318
23	278	284
29	353	369
34	280	298
37	282	300
15	281	290
31	280	286
19	283	289
9	282	288
38	284	290
11	291	297
26	285	291
33	284	290
24	294	304
6	286	299
17	288	299
21	287	293
4	294	313
20	317	343
16	295	305
35	291	301
5	292	326
41	291	306
0	296	317
3	296	302
31	298	304
7	298	311
10	298	312
23	298	304
15	304	325
32	302	310
26	300	306
29	300	309
36	302	327
40	303	322
2	305	311
6	305	311
18	304	329
39	305	311
41	313	331
31	309	329
22	307	324
3	307	334
28	310	334
33	310	316
1	310	316
34	314	329
32	316	335
24	312	322
30	311	351
11	313	340
23	313	319
14	314	337
21	315	323
2	320	326
33	321	338
37	323	344
16	316	335
35	316	330
12	317	359
10	319	381
9	321	340
1	322	360
27	321	337
40	332	339
29	322	329
8	322	366
40	348	369
39	326	333
26	323	352
7	324	344
23	324	330
4	326	349
21	329	348
0	330	338
15	330	343
24	331	337
36	332	354
41	345	355
19	334	340
5	335	346
35	335	355
34	335	341
39	342	350
14	342	352
37	350	356
6	338	344
32	343	353
38	340	362
22	340	357
23	339	346
27	345	351
3	339	345
31	350	362
28	342	350
2	348	366
17	344	373
9	345	351
18	344	361
6	352	366
20	348	354
0	347	353
16	348	354
33	350	356
23	358	364
11	351	361
25	353	359
19	354	369
3	352	358
34	375	382
34	358	364
28	360	379
23	449	460
15	360	369
21	362	368
32	361	368
27	362	372
24	361	367
30	366	372
7	367	373
37	367	373
14	368	374
1	367	373
41	372	378
15	374	385
36	377	383
6	380	386
21	384	392
3	382	388
24	384	397
16	387	397
10	386	392
14	389	402
35	388	416
41	391	397
27	391	397
36	394	407
32	393	399
1	394	400
13	396	402
29	397	403
20	398	404
10	403	409
28	401	407
6	403	409
33	405	411
2	406	412
19	406	412
26	406	419
7	412	422
3	409	424
8	408	420
18	410	416
5	419	435
30	416	422
28	418	424
15	418	426
38	419	425
9	440	451
17	420	426
33	421	427
4	423	429
2	426	432
18	427	440
19	428	434
40	430	436
14	429	435
16	432	438
8	431	437
7	432	438
24	432	438
33	434	440
39	434	446
29	435	441
30	435	441
4	436	443
36	438	444
31	440	449
38	441	447
5	444	450
1	524	534
28	445	451
7	445	451
6	447	453
40	448	454
24	448	454
0	450	456
29	450	457
27	452	458
35	455	461
30	455	461
33	457	463
25	458	464
3	457	463
31	464	470
8	461	477
41	460	466
24	462	468
20	462	468
18	474	480
27	467	473
36	469	475
6	470	476
25	515	530
10	474	481
11	472	478
14	475	482
9	478	484
22	479	485
32	480	486
26	484	490
25	484	490
30	485	499
11	487	493
13	488	494
17	488	494
31	490	496
15	491	497
20	491	497
37	491	497
41	499	506
2	500	510
11	500	506
21	503	509
0	503	516
23	508	514
36	503	509
20	504	510
14	506	512
22	505	511
26	507	518
16	509	520
1	509	519
10	510	516
15	510	516
11	512	518
34	513	519
19	515	535
7	516	522
41	517	523
30	516	522
34	572	581
12	518	524
3	518	530
4	520	526
41	550	560
36	521	537
24	525	543
37	523	529
37	574	584
0	522	528
29	524	530
8	526	532
31	525	531
5	525	531
22	526	539
18	526	532
15	527	539
9	528	534
4	532	547
3	536	543
13	533	539
27	533	544
30	533	539
40	533	539
32	535	541
6	536	542
5	537	558
23	536	542
0	538	549
39	537	543
16	537	543
9	539	545
38	547	553
26	543	553
20	543	549
33	544	554
19	545	551
21	545	551
35	550	556
2	547	564
6	547	560
8	562	574
3	548	559
32	548	560
14	548	574
10	549	555
27	552	558
15	554	560
29	556	562
0	558	565
39	558	564
35	561	573
22	559	565
26	559	565
37	562	568
33	588	594
16	564	570
1	564	570
36	565	571
25	572	587
5	567	573
40	567	573
9	566	572
41	570	576
0	572	578
13	572	588
10	574	583
39	574	586
36	581	587
27	575	581
21	578	584
7	581	587
31	580	586
22	589	595
35	582	591
12	582	588
34	586	592
28	584	605
29	593	611
23	587	593
10	589	596
5	591	597
8	591	597
36	592	599
40	592	598
0	594	600
12	594	600
26	602	611
16	599	614
15	598	604
9	599	612
17	601	607
6	601	607
30	601	607
35	601	607
10	601	607
23	607	613
31	609	615
3	604	612
41	604	614
39	604	610
7	605	611
37	608	614
8	608	614
36	609	615