5	23	102
7	41	54
37	68	92
6	32	49
1	31	50
23	20	30
17	37	49
10	21	37
0	24	34
27	23	50
39	24	34
12	26	36
7	25	35
11	39	67
31	27	46
27	61	85
38	28	47
13	29	39
20	40	54
15	30	40
35	32	61
3	37	50
40	32	42
37	36	46
34	36	51
39	36	49
8	37	53
16	38	54
33	39	49
36	39	49
14	39	50
12	40	68
24	40	53
10	42	52
30	44	60
29	41	51
28	42	63
25	42	52
21	43	83
13	44	62
9	45	56
2	58	68
15	46	56
22	49	59
23	52	65
28	65	87
26	51	62
17	51	67
6	51	61
33	52	62
37	56	66
31	54	64
29	54	64
39	55	65
10	56	67
4	57	72
24	57	78
14	58	81
16	59	92
0	59	69
38	60	85
7	59	95
18	62	72
30	62	72
3	63	86
15	63	73
41	64	74
39	66	86
29	66	76
32	65	81
20	66	76
9	67	77
1	67	79
19	68	98
25	70	80
17	70	80
23	73	93
41	82	92
36	73	83
13	73	86
15	81	91
35	76	102
4	76	86
8	76	86
29	79	91
26	80	91
1	81	99
12	81	99
30	83	93
40	87	101
9	84	94
10	85	95
11	86	97
25	85	97
27	88	101
2	89	99
17	90	100
4	91	101
14	93	103
24	93	103
3	106	124
23	102	113
32	94	109
26	94	104
38	95	107
0	95	106
30	97	123
20	102	116
10	99	109
39	100	110
8	101	111
9	103	113
22	106	117
29	104	114
28	104	114
19	103	116
41	105	122
36	105	116
17	106	116
7	111	129
2	107	117
0	109	121
21	111	121
24	113	142
40	119	130
33	146	169
34	120	141
31	115	136
5	115	145
13	116	131
32	117	130
20	119	129
14	118	128
37	120	130
18	122	132
36	123	135
4	124	140
41	125	135
39	125	135
26	127	137
9	127	137
25	130	140
38	132	147
13	136	146
21	137	147
28	138	148
39	138	148
36	142	152
10	142	152
11	142	152
1	144	154
5	146	156
25	146	165
17	147	164
21	148	158
9	147	157
8	147	157
5	281	357
27	151	161
38	151	165
40	152	162
18	154	174
24	154	173
36	154	179
7	155	177
15	155	165
26	156	166
34	156	166
14	157	167
11	159	169
5	164	187
19	163	173
26	170	191
3	169	186
30	165	175
14	174	191
4	167	177
27	170	180
28	175	193
11	170	180
33	171	181
34	170	180
39	171	181
9	172	184
32	174	188
21	181	191
30	176	186
1	177	187
6	178	188
19	180	190
41	180	190
11	185	203
17	184	212
34	184	204
29	184	194
27	187	197
24	187	197
40	187	197
13	188	200
18	188	200
5	188	198
30	190	200
0	191	201
25	193	226
19	193	203
31	197	217
23	198	208
8	197	207
28	199	209
3	198	218
4	200	210
32	202	212
21	200	220
12	202	212
33	202	214
14	204	215
26	206	216
40	209	219
22	218	228
27	211	221
37	211	221
34	213	229
6	212	222
14	216	235
2	220	241
16	216	254
11	216	226
23	218	228
7	219	265
41	220	230
26	260	360
38	220	236
3	224	234
11	232	242
30	226	236
21	231	251
5	226	244
4	226	236
37	226	251
36	230	240
14	313	358
10	231	241
20	231	251
26	233	246
24	232	242
15	232	248
5	248	258
12	234	254
31	235	245
34	236	249
28	235	267
33	239	281
39	236	246
30	238	248
18	239	265
8	257	298
18	295	369
38	241	251
36	244	256
9	247	257
0	244	263
2	246	258
25	243	275
41	243	253
24	245	270
11	244	254
4	248	285
22	261	348
13	247	257
14	247	257
29	248	258
31	248	266
26	247	257
40	257	276
34	262	273
30	255	277
35	282	312
21	252	265
23	252	269
1	252	262
27	253	263
20	263	273
39	255	265
19	257	267
41	257	311
12	258	288
15	257	267
9	259	269
38	262	277
14	261	292
32	264	277
3	263	273
18	266	276
36	285	295
11	266	276
1	267	277
17	268	284
39	269	279
37	270	296
27	269	279
38	309	359
6	271	289
2	271	288
5	270	280
10	270	283
28	272	282
0	272	293
16	276	286
31	274	290
29	276	291
20	275	387
24	276	286
3	295	307
25	316	356
15	276	286
1	278	288
3	278	288
19	277	287
38	278	288
25	278	288
7	415	437
30	279	289
32	279	293
34	278	289
40	280	307
39	281	291
13	281	293
41	313	337
19	296	313
24	304	369
23	283	299
7	306	355
9	286	296
7	287	297
4	287	305
28	290	300
39	294	310
33	290	300
34	291	308
30	303	350
2	292	376
17	307	366
21	294	304
27	296	347
36	296	363
25	293	303
10	295	305
32	295	305
13	350	375
29	296	306
14	296	306
15	297	349
16	298	350
0	302	334
31	301	364
37	303	381
9	302	312
11	306	379
32	308	351
33	306	316
29	311	372
6	314	346
40	308	338
8	308	346
1	307	339
23	316	365
19	314	350
13	311	348
39	312	330
28	315	378
12	312	393
35	313	323
9	314	356
21	313	357
3	314	328
10	315	329
4	314	366
34	318	358
33	319	355
6	353	379
3	333	352
10	330	346
39	331	366
35	334	369
41	343	380
40	344	377
30	395	405
10	348	366
15	350	390
1	349	376
0	349	385
27	350	373
37	414	436
3	353	364
33	356	366
19	358	387
32	356	369
22	357	367
7	356	366
21	358	394
8	358	368
5	359	379
38	360	373
34	362	382
14	363	373
33	368	395
30	368	378
9	369	379
4	370	384
26	369	381
8	371	381
7	372	382
39	373	383
18	373	383
27	374	384
23	374	384
38	376	388
6	383	395
32	379	390
35	378	388
31	382	392
34	384	394
11	384	396
9	386	398
29	386	396
2	387	398
18	388	398
16	387	397
41	391	401
39	392	402
23	392	402
32	393	403
5	403	413
14	393	403
27	394	413
17	395	405
39	497	509
38	437	451
6	398	408
31	398	408
20	397	417
38	397	407
7	475	491
21	398	408
37	399	409
36	398	416
16	399	409
23	403	416
41	402	412
40	408	420
18	404	414
12	408	418
35	404	414
2	406	427
0	410	422
33	407	417
14	407	417
8	408	418
5	415	425
30	417	427
19	410	420
4	411	421
6	410	420
34	421	447
14	419	430
11	417	427
33	418	434
16	418	428
39	418	428
24	417	433
38	420	430
1	421	432
29	436	446
10	421	433
26	422	444
4	422	432
6	425	435
0	424	434
9	424	434
18	427	439
12	427	437
5	426	455
16	429	451
20	429	439
4	433	444
22	429	439
13	429	452
0	435	455
11	430	440
27	431	441
19	432	442
30	432	446
39	435	449
2	436	446
8	436	452
26	450	471
24	437	449
36	439	458
23	439	456
17	453	474
35	441	453
25	442	453
20	488	504
33	441	451
18	447	457
14	448	461
28	445	455
2	448	458
30	449	471
10	449	459
3	451	461
9	450	460
7	454	464
37	455	465
39	456	466
11	462	476
34	459	485
4	458	468
20	459	469
6	460	470
9	462	472
25	465	475
16	466	480
32	465	477
1	466	476
24	468	478
29	468	478
39	468	478
36	470	480
12	470	480
26	473	483
28	473	483
41	479	489
31	476	491
4	491	512
33	478	495
15	477	487
11	478	488
14	481	495
29	482	492
9	482	493
19	548	586
12	483	493
2	482	500
40	485	495
39	484	494
24	484	494
3	486	511
32	504	517
0	486	496
36	492	502
13	491	501
17	493	503
41	492	522
31	495	505
27	495	505
31	509	541
18	497	517
23	499	509
26	501	515
25	500	510
30	501	511
33	503	513
28	502	512
24	502	512
35	503	513
1	506	529
22	508	518
17	508	546
34	509	524
36	511	522
37	518	530
3	512	522
2	512	522
20	513	560
40	513	523
39	515	532
10	515	525
18	531	556
6	516	560
15	516	526
14	517	527
12	517	532
5	518	528
24	518	528
25	517	558
30	517	531
32	518	535
13	519	529
36	525	537
9	522	535
21	521	531
26	522	532
27	524	536
11	527	537
4	526	545
21	536	546
2	528	538
0	528	548
14	528	538
7	528	538
41	529	539
34	530	545
38	529	539
28	529	539
23	530	540
16	532	542
15	532	546
19	531	541
36	558	589
23	567	577
22	534	545
33	535	545
39	534	544
24	543	570
5	535	570
26	537	547
12	537	547
3	537	557
27	539	549
13	538	552
35	540	558
11	540	550
28	541	554
32	543	578
31	544	560
41	545	555
37	544	563
36	545	555
17	588	605
9	545	557
2	548	564
23	549	559
29	550	566
26	550	561
12	550	560
8	551	570
33	551	562
34	552	571
38	554	569
30	554	569
40	555	579
12	564	574
21	558	568
0	558	568
1	559	577
9	560	581
11	560	605
33	566	601
39	562	572
28	564	588
13	565	580
15	564	574
17	563	573
41	564	574
37	564	578
18	564	586
7	565	577
6	567	577
20	568	578
30	570	580
16	571	581
0	572	582
3	573	583
2	572	589
8	575	614
32	587	607
17	576	586
15	577	587
24	576	601
35	576	589
6	581	594
39	580	590
23	580	617
20	581	591
27	585	600
37	584	611
35	591	617
10	584	594
0	586	612
12	586	596
1	586	596
16	587	597
40	586	596
21	587	597
18	587	597
34	589	599
7	596	615
30	589	607
41	590	600
26	590	600
28	591	610
4	591	608
22	608	618
3	593	604
38	594	614
36	594	608
29	594	610
39	594	614
20	605	618
6	599	615
1	597	607
10	597	617
40	599	618
25	600	619
15	603	618
16	602	612
11	607	617
31	602	617
1	609	619
2	607	617
3	608	618
12	607	617
34	609	619
5	608	618