31	39	84
35	46	68
15	23	46
14	55	72
29	26	40
1	26	40
22	26	44
21	29	45
20	28	51
41	29	46
5	46	69
18	31	59
13	31	45
4	32	88
19	32	52
10	33	55
11	33	47
17	33	55
27	34	64
16	34	57
23	35	55
35	35	49
8	36	50
34	37	51
7	38	71
6	36	50
36	38	55
26	45	59
37	40	54
22	41	69
30	43	58
38	42	56
13	43	100
28	43	70
33	44	69
15	44	58
11	53	73
3	46	69
34	48	64
2	47	62
23	56	70
41	48	62
1	63	83
15	61	92
9	50	64
1	50	66
8	50	64
12	55	79
39	51	81
24	52	66
38	55	69
26	57	71
36	56	93
17	57	89
6	58	80
29	58	80
37	58	99
32	59	78
10	61	75
16	62	76
40	62	79
18	64	78
3	66	87
41	66	80
25	67	86
19	69	83
21	72	86
34	72	86
28	75	89
35	72	98
30	75	108
20	74	90
26	104	118
7	76	90
2	76	90
22	77	93
40	77	91
18	82	99
0	79	93
24	80	94
39	81	97
38	81	95
8	84	98
9	83	100
3	89	107
23	88	102
21	88	112
41	88	102
33	89	112
27	92	111
26	88	102
2	89	115
17	92	112
0	91	105
14	93	114
7	93	109
25	100	117
31	94	108
18	97	115
16	98	135
5	95	119
38	94	113
36	96	118
20	95	116
9	99	113
4	97	116
29	98	112
19	98	112
15	99	118
28	102	116
40	103	134
35	105	124
0	104	118
6	106	120
12	105	119
11	107	121
39	107	125
41	108	122
1	108	122
3	109	123
19	111	125
40	135	162
9	113	127
13	112	126
7	113	135
18	122	136
28	114	128
37	116	135
38	117	131
20	121	140
8	117	131
21	117	131
6	119	133
0	122	153
10	121	135
30	121	142
15	121	136
14	124	142
11	124	138
36	125	147
13	126	151
26	123	137
39	127	141
28	128	142
22	129	143
25	130	144
33	132	146
21	130	144
24	132	146
12	133	147
26	134	158
1	136	150
29	162	183
5	137	151
18	137	151
30	146	161
38	142	156
32	142	164
20	142	171
35	143	157
25	146	160
11	146	167
13	173	192
10	146	160
9	146	160
34	150	187
14	150	170
0	153	167
36	155	169
35	158	174
41	154	168
2	156	170
8	157	171
33	159	184
40	159	173
25	160	174
19	161	193
30	164	180
16	164	178
3	164	182
32	164	178
39	165	179
14	228	252
23	167	181
36	166	180
11	167	181
0	167	181
20	171	185
17	173	187
38	173	187
15	173	187
16	175	189
7	175	189
8	176	190
41	177	197
39	178	192
11	179	193
24	180	210
37	189	212
34	186	200
11	190	204
4	186	200
14	190	211
0	187	201
22	187	201
8	188	202
3	189	216
1	189	203
33	191	205
12	192	227
41	196	210
9	193	207
28	194	208
32	196	215
39	196	210
19	198	212
18	199	225
35	199	213
26	202	222
17	204	218
4	205	228
15	206	228
1	209	223
36	242	258
36	210	230
27	212	226
31	213	230
5	213	230
40	214	228
20	216	232
39	223	238
7	219	233
3	222	236
18	223	244
16	224	238
4	225	240
13	225	239
37	232	249
31	228	251
28	227	241
27	228	242
30	230	244
11	230	244
14	415	444
35	230	244
10	231	269
0	233	247
20	234	248
21	236	250
20	245	260
34	238	260
26	238	252
6	237	251
39	239	286
15	239	253
16	240	264
4	242	257
30	245	273
27	246	260
28	244	260
9	245	259
18	259	276
23	247	287
40	253	270
17	317	362
22	250	264
12	250	264
13	250	269
7	250	283
17	250	264
28	259	281
37	307	349
5	254	268
9	259	299
37	255	269
8	255	269
35	256	298
19	256	287
4	256	270
16	275	302
25	258	281
2	257	281
31	259	279
6	259	273
27	260	282
22	261	284
0	262	282
41	261	275
20	261	275
3	262	281
16	264	278
33	263	277
36	269	286
32	265	283
21	270	284
13	267	281
38	269	283
17	271	285
40	271	303
10	275	293
5	272	286
20	272	290
24	272	288
11	272	286
12	275	289
8	275	289
35	306	351
29	274	295
22	306	360
21	282	308
24	301	379
13	280	390
14	280	310
11	286	303
1	283	313
33	281	367
26	281	311
7	298	365
30	280	304
15	282	296
41	281	295
37	282	296
17	282	318
7	283	297
4	283	297
27	282	296
2	283	297
39	285	305
36	286	300
6	286	313
5	286	300
28	286	300
22	287	301
14	307	321
20	289	321
18	289	389
4	296	311
19	291	305
29	293	387
25	292	307
38	294	354
8	294	333
23	294	308
15	295	382
27	294	379
31	310	358
35	295	309
5	297	355
3	297	347
16	304	367
28	298	373
31	299	313
4	321	379
36	300	314
10	299	313
34	300	319
40	300	376
41	305	329
11	304	387
39	303	333
25	305	369
2	305	359
19	306	358
9	305	378
21	305	367
10	310	383
23	316	367
6	319	381
0	309	346
32	310	363
26	311	357
20	318	369
30	314	363
1	314	370
12	314	377
34	316	349
36	320	341
14	321	352
41	327	383
39	330	396
8	330	350
21	367	390
0	343	362
36	346	372
8	348	375
37	349	373
14	352	369
35	358	389
38	356	377
31	356	370
5	357	371
3	362	376
2	362	384
32	364	378
26	364	378
0	366	390
1	368	418
5	372	390
20	368	386
22	371	385
34	371	385
8	374	388
26	377	395
23	375	389
12	379	394
31	374	388
9	375	389
25	375	393
10	383	399
27	377	391
32	379	398
36	379	396
19	383	397
24	383	397
33	384	398
2	385	399
41	388	408
13	391	410
4	385	399
28	387	401
20	412	434
20	392	406
17	392	416
26	395	410
30	392	406
27	393	407
11	392	415
39	394	418
36	393	412
12	395	409
34	398	412
29	397	411
0	398	412
24	400	414
35	399	413
37	401	415
18	401	417
25	402	416
10	403	417
2	403	425
39	440	466
30	405	419
27	404	418
12	407	425
23	407	421
41	410	424
36	410	424
40	410	424
26	411	425
35	412	435
37	414	428
29	414	439
6	420	435
10	419	433
5	419	438
16	423	437
39	423	437
13	423	437
30	423	437
31	422	436
4	423	446
40	424	449
36	426	455
41	424	438
1	425	451
11	427	441
28	426	451
32	427	441
37	427	441
9	428	449
17	429	462
22	431	445
20	434	458
38	432	451
30	434	448
24	443	457
18	480	541
6	440	463
12	442	456
0	441	455
29	442	467
13	443	457
15	445	459
23	445	459
27	445	475
31	446	460
25	446	460
30	452	473
2	447	461
1	449	463
3	449	468
36	453	469
19	506	540
34	452	466
19	451	465
5	453	467
9	455	500
16	456	470
37	456	470
15	458	481
8	459	474
6	460	474
21	462	476
7	462	476
18	462	476
26	463	485
32	469	493
34	464	486
20	463	482
19	466	480
10	465	486
12	467	491
25	497	512
39	468	482
14	470	496
23	469	491
4	471	485
29	472	486
25	474	500
13	476	504
8	476	490
39	479	502
31	477	503
38	486	503
4	482	496
17	483	497
36	482	499
10	488	502
2	485	499
41	499	536
11	486	500
26	489	516
16	489	512
23	493	507
3	496	511
34	493	507
29	494	513
21	496	510
12	496	521
22	497	511
35	498	522
0	498	522
23	518	549
9	501	535
40	501	515
27	503	524
10	505	533
17	503	517
38	505	519
20	514	531
24	506	520
36	505	519
30	505	519
15	508	522
37	509	523
29	558	603
1	510	524
16	511	561
31	514	544
8	513	527
17	514	544
22	526	541
14	517	554
3	517	531
4	518	533
24	518	548
6	518	534
38	517	539
29	519	539
28	519	551
40	519	533
25	520	534
5	522	543
15	521	542
0	523	544
13	522	543
30	524	538
21	524	538
27	525	548
26	527	541
12	527	542
8	530	546
7	532	564
34	531	570
20	531	545
30	593	612
33	540	554
36	533	547
9	534	552
41	536	580
21	537	556
30	538	552
40	545	561
35	538	552
3	540	554
25	539	556
11	539	553
32	539	555
6	541	555
4	542	556
0	542	556
29	542	556
39	545	561
1	544	568
38	543	557
26	545	583
33	551	565
15	548	562
31	544	572
12	545	567
2	549	565
32	552	579
23	548	562
19	550	564
22	550	579
10	561	582
37	550	567
30	553	573
0	553	584
8	551	565
24	553	608
4	553	573
38	555	569
21	558	573
35	558	584
3	558	572
20	566	580
5	560	574
39	561	575
36	560	581
6	561	575
14	561	575
17	560	601
16	563	577
15	572	586
28	565	602
33	565	579
1	566	580
37	567	595
11	567	590
23	568	585
7	569	594
3	571	597
19	571	585
31	572	586
6	573	587
39	599	617
2	574	592
25	576	596
40	577	591
30	577	591
21	578	592
33	578	592
38	578	592
27	580	594
18	579	596
20	579	593
1	580	594
15	583	597
0	585	599
36	585	611
32	587	604
38	589	607
31	588	605
27	592	608
8	589	604
11	590	620
35	590	606
10	593	607
33	592	606
6	593	611
7	592	618
4	594	620
29	602	623
41	595	609
13	595	615
16	602	623
3	596	622
20	598	618
2	608	623
31	602	620
28	599	623
8	602	622
37	601	623
15	600	620
19	602	623
34	601	615
35	603	617
32	605	620
22	603	618
18	605	619
40	604	618
27	606	620
12	607	621
38	608	623
1	608	622
23	607	621
24	607	621
10	609	623
0	609	623
6	609	623
14	609	623