14	35	50
37	48	66
18	40	58
8	24	62
3	42	63
20	49	68
28	30	40
23	21	39
36	21	31
17	22	32
24	27	45
10	22	36
5	26	36
6	27	65
41	27	41
35	28	46
18	28	38
39	30	49
25	30	48
33	31	41
29	31	56
2	33	54
12	31	51
19	32	42
15	34	56
39	71	81
22	40	68
30	34	44
17	36	47
21	37	47
7	37	55
37	37	47
34	40	50
16	50	60
1	43	53
11	43	53
41	44	54
23	44	68
28	44	88
32	45	57
17	48	66
24	48	58
13	48	58
25	49	59
31	68	81
5	56	96
35	52	62
0	52	71
18	61	71
4	54	64
36	54	64
19	54	81
34	54	64
26	60	72
39	56	70
35	70	92
38	59	69
30	59	82
14	61	86
12	60	76
33	61	71
25	61	71
16	61	71
21	62	83
13	68	100
2	66	82
32	66	85
27	67	86
29	68	90
6	68	90
40	68	78
11	69	79
22	69	79
1	68	78
8	69	79
41	71	81
7	72	101
24	71	81
20	72	83
23	73	113
15	72	87
34	73	83
16	75	85
10	75	90
26	76	103
36	76	86
25	76	94
2	134	144
37	79	99
1	79	89
9	80	90
3	82	110
39	82	92
36	90	104
32	86	96
31	86	96
33	85	95
19	87	97
17	87	97
16	87	110
34	89	99
22	89	104
2	89	111
11	91	101
9	93	122
41	93	103
33	97	120
28	99	109
37	100	110
19	100	110
38	100	110
34	102	112
0	104	114
1	101	111
32	103	120
12	103	113
18	103	113
41	105	117
11	106	116
26	105	116
39	109	129
36	108	122
6	109	119
17	110	120
24	111	122
14	112	122
29	112	122
30	112	122
14	127	154
8	117	130
27	116	140
34	116	126
19	118	128
31	118	149
16	119	129
5	123	137
11	127	140
0	124	134
6	126	136
36	127	140
40	127	137
13	127	140
17	129	147
41	132	150
21	130	156
7	136	149
26	131	141
20	132	142
19	132	158
31	175	185
30	135	145
10	142	152
18	136	146
28	138	148
20	145	155
32	138	148
9	142	152
8	141	168
26	142	152
15	146	157
29	146	169
36	148	158
6	148	164
31	151	161
35	153	173
9	153	163
39	152	162
23	161	172
30	154	164
15	160	184
39	166	211
22	157	176
16	157	167
17	160	174
20	162	172
3	164	174
34	167	202
24	169	179
6	168	184
10	170	185
9	171	181
25	173	183
7	175	185
0	176	186
5	181	191
9	183	193
20	184	194
10	187	202
27	183	193
22	184	194
40	183	193
32	185	195
19	184	199
21	185	195
33	185	195
24	188	198
31	188	198
25	210	224
28	197	207
29	192	202
8	193	212
7	193	210
30	192	212
37	193	219
23	194	204
35	196	211
9	197	207
11	198	217
36	206	216
33	197	207
15	200	210
38	200	210
16	203	216
2	205	220
32	206	216
19	206	216
24	207	223
23	208	225
0	210	220
10	210	220
31	212	227
1	214	238
38	214	228
3	215	232
4	215	225
6	216	231
37	221	234
15	217	236
19	221	245
40	221	237
18	223	239
32	224	234
24	225	235
20	226	236
27	227	237
14	229	239
16	229	239
12	240	269
9	229	239
13	231	243
4	231	241
24	254	264
25	232	256
30	231	241
26	232	245
0	233	243
35	233	243
6	265	282
17	240	260
9	248	261
8	235	245
33	235	257
41	235	245
7	237	247
21	245	273
2	241	256
28	239	275
5	239	249
39	238	248
24	239	249
3	245	317
22	242	252
37	242	252
36	245	286
15	246	258
18	266	285
7	248	258
19	265	278
41	252	273
26	249	259
19	250	260
27	249	259
11	251	291
5	252	272
35	253	265
16	253	282
20	287	356
18	255	265
29	256	270
8	256	281
4	256	266
37	273	290
33	258	284
32	259	269
10	260	275
9	263	273
31	261	295
22	304	364
1	272	282
30	264	274
22	266	276
15	265	288
29	271	299
14	280	292
27	269	368
12	278	288
32	272	282
2	272	282
17	272	289
38	274	293
40	302	365
23	276	302
24	277	383
26	277	291
22	278	292
21	277	289
9	279	289
7	280	290
34	280	302
0	280	298
28	279	312
10	281	293
5	281	291
30	289	331
21	293	353
26	296	356
41	285	334
13	286	355
8	287	297
2	307	360
35	287	300
2	287	305
36	288	362
16	288	359
4	304	387
6	289	361
18	298	356
9	295	318
15	290	305
39	289	347
4	290	300
5	293	314
12	293	315
8	300	376
7	295	330
37	295	310
14	295	371
32	295	305
17	295	305
38	295	316
19	296	306
32	312	390
25	298	308
0	299	309
33	302	371
31	300	316
11	301	359
15	306	355
1	307	359
35	303	364
23	305	319
29	306	316
17	322	356
19	307	391
34	307	333
37	312	336
10	315	328
25	315	331
12	318	335
9	321	349
3	318	333
28	318	368
29	317	329
5	319	359
23	321	357
31	321	343
38	322	361
0	324	334
34	334	362
7	332	398
10	332	342
41	335	367
21	375	390
30	338	376
0	335	374
29	334	349
25	339	382
37	337	349
3	337	360
31	350	383
12	339	382
10	345	370
12	386	402
37	353	377
39	352	362
21	358	373
20	360	396
29	354	364
18	357	380
9	357	370
15	359	369
17	359	374
11	360	370
13	360	380
26	360	379
35	366	377
36	364	381
34	364	378
6	363	383
2	365	387
41	369	383
9	371	384
40	373	383
30	401	427
23	373	385
1	377	387
0	377	395
17	380	398
35	379	401
16	378	388
34	379	389
28	381	399
2	388	400
18	384	394
10	399	411
31	389	409
15	386	399
4	388	423
37	387	397
25	388	398
34	392	406
11	391	401
21	394	409
36	395	405
28	400	417
16	396	412
6	397	420
39	399	409
5	401	421
19	402	412
26	403	414
20	404	414
14	405	415
41	416	438
41	405	415
24	406	439
2	407	429
13	418	428
11	410	420
10	412	423
16	413	423
36	414	424
32	415	425
38	416	447
27	416	426
14	418	432
20	416	426
8	418	436
29	418	428
39	420	432
25	419	429
33	418	428
26	418	429
35	422	449
1	419	429
9	420	430
15	425	438
34	426	449
28	423	441
16	426	443
10	427	437
20	430	440
22	429	439
12	431	441
9	433	479
40	434	446
37	435	445
29	435	445
1	437	447
6	436	450
10	446	460
13	445	455
27	446	472
15	443	453
12	443	459
18	455	465
41	444	464
17	444	456
36	444	455
26	450	460
16	449	459
28	450	463
2	454	464
34	453	472
25	454	464
24	455	475
30	457	467
38	458	468
5	457	467
3	459	482
12	461	477
17	461	471
15	463	473
22	463	501
1	463	473
14	465	475
10	500	510
26	465	475
29	470	495
21	466	484
16	466	476
13	465	475
36	467	477
8	467	477
41	467	477
40	467	479
28	468	487
4	469	479
6	472	482
33	472	514
23	474	484
17	474	484
10	477	487
13	478	491
6	515	541
14	479	489
27	480	490
30	481	491
40	481	491
6	488	498
36	483	493
5	485	498
16	484	494
23	485	495
0	487	497
26	487	497
9	488	498
35	487	505
24	487	497
4	487	497
28	488	506
13	493	503
14	492	502
30	495	505
16	496	522
27	496	506
32	498	522
23	498	508
3	498	531
40	499	509
5	499	509
12	499	524
18	502	512
25	505	515
37	505	524
13	506	519
20	508	539
41	508	522
11	508	520
14	508	518
34	509	519
26	510	520
27	509	527
1	511	521
21	511	530
38	510	520
39	512	548
35	513	542
28	512	536
0	512	538
36	514	524
19	513	523
5	515	543
29	525	545
2	515	525
30	516	526
23	516	526
18	517	532
19	529	545
1	526	536
24	519	531
9	522	532
16	523	537
31	524	540
8	523	533
41	525	544
26	526	536
15	527	544
14	525	535
4	526	536
34	527	537
2	526	536
10	528	546
22	528	541
32	545	561
36	533	558
38	530	548
11	530	547
12	530	540
21	531	548
3	533	556
34	538	561
10	590	615
24	533	583
25	534	544
8	534	553
13	536	546
17	537	559
18	538	548
25	575	586
23	538	561
4	537	547
37	537	547
21	553	614
31	542	555
28	540	578
17	585	604
40	542	552
14	574	584
39	549	560
6	544	554
36	569	600
27	548	559
2	546	556
29	547	557
22	547	574
9	550	560
35	551	567
13	551	561
4	552	562
8	556	579
20	554	564
10	554	564
40	554	586
11	554	564
0	555	593
38	557	571
12	557	567
25	597	617
30	557	576
37	558	576
18	559	577
31	559	569
29	560	570
7	572	588
32	563	575
3	564	577
34	564	574
15	565	575
4	573	594
11	567	577
41	568	578
5	567	585
33	572	586
39	568	584
31	570	593
20	571	591
26	571	581
17	572	582
27	573	594
28	585	618
2	575	585
12	576	586
34	577	591
29	579	589
11	579	599
23	580	590
15	587	598
2	587	610
37	582	593
22	581	591
12	594	610
24	585	595
16	585	600
9	585	595
18	585	595
5	586	609
7	589	607
26	589	599
40	590	600
30	590	600
6	592	612
41	593	603
23	601	617
20	598	611
32	594	616
22	593	614
39	596	606
9	596	616
40	603	613
38	595	605
37	596	611
27	598	617
13	604	614
34	599	619
1	603	618
11	606	619
0	601	615
17	605	616
35	602	612
8	607	619
30	602	615
15	604	614
41	605	619
29	606	616
19	606	616
18	608	618
3	608	618
39	607	617