9	27	84
31	28	95
41	31	60
29	28	72
24	30	78
21	28	91
4	36	65
33	23	81
27	27	37
30	23	63
10	32	80
0	32	70
1	34	73
35	31	65
12	31	70
26	34	57
22	31	59
11	36	50
18	34	45
3	29	81
14	32	52
20	29	46
13	33	55
25	38	51
8	40	70
32	35	80
19	38	48
15	37	47
7	40	59
36	41	59
2	43	61
28	41	71
5	34	64
39	44	72
6	44	76
16	32	75
17	47	59
19	50	60
38	50	83
14	58	81
23	61	74
17	61	73
18	61	71
7	62	76
35	66	76
26	66	81
15	63	78
12	73	98
17	75	93
39	76	86
34	74	89
3	82	92
10	82	111
2	79	105
30	96	107
37	97	110
31	98	108
33	113	123
31	114	124
12	122	135
7	117	133
33	125	146
35	147	164
38	143	156
23	159	169
17	159	169
29	209	222
25	205	219
19	208	219
16	205	217
24	210	236
6	214	232
14	216	226
20	221	238
37	228	238
11	231	249
6	238	248
36	235	268
23	241	268
14	247	263
34	249	262
35	252	265
32	256	274
11	256	301
8	263	273
21	265	275
25	242	290
30	271	281
22	267	292
5	271	294
29	274	354
36	272	286
39	276	302
41	261	284
7	268	286
34	271	370
31	281	308
27	264	291
12	273	290
23	282	369
0	275	342
21	282	363
4	274	296
6	274	291
1	280	344
13	285	297
41	286	350
32	278	345
16	292	303
38	291	374
3	290	307
27	292	302
24	279	313
36	294	305
25	295	358
22	296	358
33	276	336
28	298	338
27	303	357
19	298	343
4	301	352
6	292	369
20	296	332
10	296	356
14	297	328
8	300	354
2	296	361
13	299	377
35	302	339
12	300	331
11	307	325
17	302	353
37	304	316
36	307	345
3	311	347
26	306	330
39	311	377
31	309	352
16	310	358
5	319	368
40	319	354
7	308	356
30	315	359
18	326	352
11	326	358
37	323	359
9	328	363
24	324	362
26	334	351
20	337	348
35	340	359
15	341	379
14	335	360
19	347	362
32	349	382
17	356	374
1	354	366
36	356	378
27	358	373
0	358	375
10	357	384
41	365	375
20	370	384
22	367	377
41	378	388
11	383	393
8	382	392
4	384	400
10	389	413
23	392	402
41	393	403
5	397	417
11	407	420
14	414	425
7	411	437
41	416	435
19	415	432
25	421	431
35	423	434
25	435	446
8	434	451
3	439	452
31	432	450
11	447	465
26	451	463
21	460	473
25	463	473
12	454	479
6	458	485
11	471	482
2	462	487
37	487	497
23	481	506
10	492	502
38	496	519
16	496	506
22	493	503
21	494	516
1	496	506
12	493	507
39	501	511
7	503	516
16	507	517
31	510	554
4	510	531
0	514	530
32	517	539
22	505	531
23	521	538
25	515	538
1	519	587
16	523	552
21	521	531
3	522	534
14	509	554
13	521	556
34	524	534
26	526	560
39	527	541
37	524	541
8	517	554
3	537	554
6	535	550
38	534	546
32	540	572
25	543	565
22	543	557
34	543	553
27	527	563
39	542	572
29	549	565
33	545	555
11	550	560
4	550	573
21	551	606
38	549	566
30	550	565
28	555	582
5	552	563
8	555	571
24	555	573
22	558	577
0	559	574
34	562	572
17	560	572
10	560	576
6	568	578
9	565	578
14	567	577
29	567	617
3	562	619
8	572	597
27	575	590
30	571	589
34	575	606
25	576	605
0	578	588
6	585	595
26	571	606
19	587	601
30	590	600
23	590	603
0	590	608
9	596	619
27	593	619
20	594	604
28	595	614
38	595	617
33	594	615
6	599	616
4	598	614
40	601	614
11	601	612
19	604	614
16	604	617
37	607	618
11	23	33
37	35	45
23	41	51
34	45	55
27	48	58
20	50	70
13	67	77
5	67	87
11	72	82
36	72	82
0	71	81
22	72	82
37	72	84
4	75	85
40	77	87
13	79	94
23	78	88
41	81	91
19	82	92
7	85	95
25	88	98
6	90	103
8	91	103
36	92	102
23	102	112
26	94	108
0	94	104
9	93	107
40	97	111
15	99	109
11	100	110
12	100	120
14	103	113
21	106	116
17	107	117
30	109	119
25	109	120
16	112	122
23	114	124
6	113	123
3	114	124
15	119	129
37	114	124
19	124	135
24	115	131
4	117	127
11	119	129
30	121	132
21	120	130
38	130	140
28	132	142
32	133	143
17	141	151
15	132	142
5	141	151
34	133	143
41	134	144
8	137	151
40	141	151
36	143	153
7	147	157
22	150	160
29	152	162
5	154	172
6	160	170
31	160	170
32	161	171
2	162	172
25	161	171
33	167	177
40	167	177
28	171	181
1	172	182
4	173	183
7	180	192
11	182	192
8	180	190
2	183	193
40	184	194
5	186	197
14	190	200
1	190	200
7	193	203
26	192	202
4	195	205
31	199	209
38	202	212
27	198	215
22	200	210
28	199	209
36	199	209
2	201	211
5	205	215
35	206	216
41	210	220
21	210	220
32	210	220
12	211	221
28	212	222
23	214	224
34	214	224
3	217	227
18	221	231
35	223	246
30	225	235
1	227	245
41	228	238
28	229	248
26	229	248
12	231	241
15	233	243
10	234	244
14	236	246
17	237	247
9	239	249
27	242	252
12	243	253
22	245	255
18	244	257
0	245	255
41	245	255
15	248	263
27	253	263
26	256	266
37	257	267
31	259	269
17	258	268
1	260	270
3	262	272
33	263	273
28	265	275
16	266	276
18	267	277
35	269	279
37	271	281
20	275	285
2	278	288
8	282	292
35	282	292
26	286	296
40	292	305
5	302	312
40	306	316
9	304	314
12	336	346
0	344	357
12	348	365
33	349	359
31	355	365
4	356	366
16	361	371
28	362	372
14	366	376
33	363	373
40	364	374
7	363	373
12	366	376
9	367	377
3	368	384
6	372	382
25	374	395
26	374	384
40	375	385
29	378	388
2	379	389
21	381	391
35	382	392
30	384	394
22	386	396
3	390	400
0	396	406
4	404	414
22	405	415
27	406	416
0	409	419
15	411	421
3	411	421
1	414	424
31	414	424
39	418	428
0	422	432
2	422	432
4	424	434
1	425	435
13	427	437
23	427	437
6	431	441
37	433	443
16	432	442
26	436	446
15	436	446
28	437	447
7	440	450
0	442	452
21	442	452
36	445	455
27	448	458
34	449	464
18	450	466
1	452	462
30	452	462
9	454	464
29	455	465
32	456	466
14	458	477
28	463	473
20	461	471
8	464	474
34	466	476
15	471	481
14	478	490
36	475	485
21	477	487
29	476	486
20	482	496
13	481	491
40	488	498
8	488	508
4	489	499
3	490	500
36	492	502
29	492	502
15	494	513
14	494	504
24	495	515
11	497	507
5	501	511
35	501	511
19	504	514
17	506	516
27	506	526
20	506	516
36	513	528
10	510	520
41	511	521
6	520	530
28	513	523
39	516	526
15	516	526
19	521	531
24	522	532
40	524	534
10	525	535
5	526	539
17	533	543
0	532	550
15	532	542
4	534	544
28	534	544
19	535	545
12	536	546
17	548	558
18	541	551
37	553	563
7	557	567
19	557	567
13	559	569
33	560	570
23	561	571
18	561	571
40	565	575
35	566	576
37	569	579
15	570	580
31	572	582
23	572	582
19	574	584
39	576	586
41	576	590
13	579	589
4	580	590
5	581	592
24	588	598
36	588	598
16	590	600
22	592	602
13	596	612
18	599	615
24	601	611
5	603	613
10	603	613
15	607	617
8	608	618
36	608	618