36	39	61
14	33	80
2	21	31
10	26	36
24	22	32
18	23	33
6	29	57
16	27	48
30	30	56
22	29	39
29	33	55
17	29	49
13	30	40
32	32	55
21	30	40
7	32	42
9	34	49
23	33	58
28	34	44
19	34	47
25	35	59
8	97	108
31	37	47
35	37	47
33	37	47
2	38	100
1	40	54
4	39	63
18	41	55
15	40	50
34	49	78
20	48	58
8	43	54
13	41	51
3	42	60
26	43	53
12	43	73
11	43	68
13	52	62
0	47	64
7	50	60
39	51	61
19	52	91
17	70	84
15	52	63
35	52	66
41	53	63
38	54	64
31	53	69
5	54	64
10	54	64
33	56	70
28	56	71
32	56	85
22	57	85
18	59	91
24	76	89
16	61	79
7	61	83
26	61	71
3	63	73
25	69	87
21	66	76
10	65	84
29	66	87
27	65	75
30	65	100
9	66	91
20	67	77
15	67	77
8	67	77
5	68	78
8	136	146
3	74	97
1	72	91
31	73	83
37	78	92
39	75	96
33	77	87
27	77	87
20	81	91
13	81	91
23	81	92
40	82	113
16	81	91
17	88	98
36	83	93
21	84	94
38	84	94
31	86	97
22	86	105
12	86	96
15	89	99
26	89	99
32	95	105
27	90	114
13	93	110
19	95	106
16	95	105
37	95	105
35	95	116
14	97	117
20	97	110
5	100	115
11	98	108
31	100	110
33	100	120
29	101	111
28	104	114
38	107	123
41	106	116
24	107	128
39	110	136
21	110	120
8	114	124
34	114	131
32	113	123
13	114	124
16	115	125
2	117	134
23	119	130
3	119	138
19	122	132
40	122	132
10	125	137
31	124	136
33	124	134
30	125	135
27	127	140
22	129	139
15	130	140
1	131	141
12	132	142
17	132	142
23	135	153
11	134	144
19	136	146
18	138	148
24	138	148
39	139	154
7	140	150
34	141	151
14	159	176
40	142	152
22	142	152
28	143	153
13	142	162
16	145	155
12	147	157
2	145	169
17	146	157
9	148	160
21	147	157
31	148	158
38	150	160
1	151	161
24	152	171
25	154	168
11	155	165
27	155	165
34	171	189
34	156	170
22	162	172
0	164	174
28	182	194
37	164	174
4	167	177
13	168	178
39	170	180
27	169	179
10	176	187
19	174	184
9	174	184
22	173	183
29	173	183
24	176	186
23	177	187
30	176	186
16	178	189
21	183	193
11	179	189
5	182	192
23	199	209
18	181	191
6	182	192
37	183	197
7	184	194
13	185	195
29	188	198
14	186	196
24	187	197
38	189	199
19	190	200
10	191	201
20	193	203
17	194	204
6	195	205
11	197	214
3	194	214
8	198	208
37	198	208
15	197	207
38	200	210
29	200	210
12	202	212
40	283	357
10	203	213
18	203	213
20	204	216
24	203	213
41	206	216
30	209	219
32	210	220
8	210	220
33	214	233
13	216	226
5	217	232
7	217	227
1	218	228
12	217	247
23	218	230
39	220	230
34	220	230
6	220	230
28	220	234
8	224	234
16	223	233
17	232	242
14	225	235
38	227	237
22	227	250
31	227	237
20	228	238
19	228	245
29	229	240
36	230	240
7	230	240
32	230	240
3	230	240
10	234	260
26	235	245
11	234	244
18	235	245
2	241	251
39	241	256
6	238	251
30	239	359
8	239	260
27	239	287
9	239	249
0	240	254
3	243	253
4	242	252
37	244	254
23	244	265
13	245	264
14	244	271
15	244	254
7	253	263
17	247	274
40	249	259
9	251	262
11	251	285
12	260	293
28	254	264
16	254	271
35	256	273
1	254	264
25	254	264
32	253	263
4	253	263
34	256	272
2	262	278
26	258	268
15	257	271
6	259	269
41	259	278
38	260	300
0	259	269
31	261	276
22	262	278
33	261	283
5	266	290
26	270	285
1	266	276
40	266	280
25	272	294
23	269	284
18	288	327
28	269	279
39	269	340
36	272	354
17	279	313
29	272	284
32	272	289
6	295	378
10	274	284
22	279	293
14	275	297
8	275	285
24	277	287
16	276	286
1	308	349
31	278	324
0	280	290
1	285	298
9	282	308
35	283	336
13	283	297
15	282	292
2	284	294
37	283	377
19	283	293
0	296	338
23	285	295
11	286	296
21	288	305
29	286	353
3	290	306
34	289	302
28	300	310
8	287	392
2	297	317
28	288	298
23	323	356
10	289	358
26	290	362
27	291	301
5	293	355
24	293	371
16	292	313
11	299	369
7	295	305
21	317	373
41	298	340
32	295	305
15	297	318
22	297	325
21	306	316
33	298	391
19	300	310
20	302	358
12	302	372
14	301	333
13	303	353
25	306	345
23	304	320
38	305	365
32	306	331
34	308	320
7	311	375
9	311	393
4	311	321
27	313	375
28	315	369
16	315	363
19	315	339
3	315	372
17	317	354
15	321	361
2	319	358
34	322	351
22	326	351
4	328	346
31	327	374
18	329	353
35	355	393
35	337	351
32	339	359
39	345	371
14	341	365
0	342	360
19	343	353
41	343	368
4	349	383
1	352	377
25	352	388
13	355	365
22	354	368
34	356	366
17	358	372
36	358	377
23	360	370
10	360	370
40	362	372
18	362	372
2	363	373
0	365	375
29	364	374
19	367	385
34	367	379
16	366	376
13	372	392
5	369	379
1	412	424
9	404	447
12	373	384
20	370	380
28	371	381
26	376	387
41	373	386
30	373	383
10	375	385
40	375	385
18	376	391
32	375	385
7	376	396
38	378	388
37	378	388
17	377	387
11	378	388
27	378	410
0	385	409
29	380	390
41	401	423
34	386	396
6	387	400
15	386	396
5	387	398
17	391	411
24	388	444
4	388	398
40	390	400
10	391	408
30	392	407
28	391	409
26	393	403
21	394	404
26	408	423
38	394	404
2	395	405
12	397	407
13	437	448
14	399	415
4	403	413
40	402	412
23	403	413
33	406	416
34	479	499
6	406	416
5	406	416
18	407	426
36	416	426
17	421	446
4	414	424
21	409	419
35	412	422
34	413	423
27	412	424
29	414	428
22	415	425
19	415	426
40	414	424
28	416	426
3	418	428
11	417	435
8	417	427
19	452	468
12	419	439
5	421	438
35	423	446
21	423	433
2	423	433
16	424	447
39	425	454
7	426	436
33	426	436
21	439	452
23	429	439
6	430	448
15	430	440
20	430	440
8	432	442
40	433	443
27	435	445
1	436	446
41	437	453
3	502	525
21	479	490
26	442	467
2	443	453
32	450	462
24	445	458
30	445	455
28	447	457
24	487	497
38	447	457
17	447	471
22	449	459
15	451	461
37	451	461
10	452	468
16	452	462
3	454	464
14	454	464
9	455	465
20	457	467
7	457	475
36	460	470
1	471	494
39	465	481
4	461	471
33	462	472
19	550	561
37	466	491
25	464	498
37	492	507
14	471	481
12	472	482
27	471	484
3	472	482
6	474	484
38	479	530
10	474	484
13	476	492
23	476	486
26	478	491
8	482	498
7	481	492
9	480	490
5	482	492
41	483	506
31	482	492
32	484	499
12	485	512
36	515	528
20	488	512
2	487	498
15	490	500
33	491	509
11	491	518
30	492	502
40	503	523
28	494	504
23	494	504
19	497	507
24	498	512
21	501	534
9	502	512
1	505	518
14	505	543
8	501	518
13	503	531
5	503	527
16	505	515
0	506	516
6	551	561
27	508	519
34	508	531
23	510	529
7	510	528
34	532	553
37	512	522
4	511	551
31	514	528
25	516	526
35	518	532
41	516	526
15	519	538
32	521	534
33	521	541
30	520	534
12	525	535
6	522	542
22	522	544
25	527	558
10	523	534
0	523	533
11	525	536
26	524	545
24	525	539
37	526	537
18	527	540
5	530	540
9	527	537
3	528	547
7	534	544
28	528	538
1	530	562
29	530	540
39	531	551
23	544	556
13	532	542
36	533	543
2	533	547
0	536	554
40	537	547
10	537	547
19	537	547
27	539	551
31	539	549
20	540	574
35	540	550
16	542	556
13	543	562
17	544	557
37	543	553
40	550	562
11	544	561
28	546	556
33	546	560
21	548	573
18	547	571
36	549	559
41	549	567
9	550	566
32	552	562
30	551	561
2	553	563
15	552	566
27	552	562
5	553	563
35	554	588
26	554	564
24	556	595
6	564	574
4	576	590
29	559	569
12	565	585
2	597	616
14	560	597
10	559	569
36	561	571
25	560	570
22	568	588
37	570	584
33	561	579
34	562	572
8	564	574
4	563	573
1	566	576
9	595	606
15	568	588
16	569	588
31	568	578
29	570	583
26	570	580
17	571	587
23	571	581
5	571	581
7	570	591
40	572	602
41	573	583
0	573	591
27	574	584
2	573	583
13	576	588
11	576	586
6	577	589
1	578	591
8	580	590
9	580	590
21	582	596
28	581	591
10	584	596
36	583	593
18	583	593
25	585	599
39	590	603
22	589	606
30	591	601
38	590	607
41	596	607
13	591	601
4	593	609
32	591	605
28	592	602
3	594	613
23	592	612
17	593	603
34	594	604
24	598	608
1	596	612
35	609	619
33	594	611
27	597	607
18	596	607
13	602	612
15	599	609
7	599	612
26	599	610
20	604	614
10	602	616
5	601	616
37	602	612
36	604	618
34	605	619
21	605	615
14	605	618
28	606	616
12	606	618
17	606	616
40	608	618
38	608	618
22	609	619
27	609	619
41	609	619
9	609	619