30	22	88
19	22	88
25	29	80
9	33	53
35	21	46
16	26	36
37	24	103
13	22	71
18	28	125
11	20	61
21	32	50
7	26	68
15	29	106
6	34	84
40	29	79
32	24	93
33	30	72
27	31	78
10	33	46
8	35	89
36	32	79
5	34	85
1	34	100
26	34	77
14	37	62
23	37	59
22	36	97
24	39	96
31	42	96
12	39	55
3	40	57
20	43	81
28	47	60
10	47	85
35	48	65
39	48	78
17	45	96
16	50	78
21	55	98
34	53	91
29	51	97
9	54	84
38	58	79
2	59	85
12	60	72
23	60	91
14	64	85
3	66	96
4	68	89
13	78	99
12	74	91
38	83	139
35	87	108
5	89	113
26	82	100
20	89	100
11	81	107
24	98	108
6	85	130
31	104	132
20	102	114
12	101	123
39	101	134
13	107	135
30	107	129
2	101	120
11	109	130
3	113	123
41	110	120
5	118	136
20	116	134
25	115	130
27	114	124
17	115	134
1	117	140
28	113	136
34	125	139
3	129	139
36	129	139
18	128	148
14	125	143
8	131	148
37	135	145
20	138	149
16	141	182
15	138	156
31	142	153
33	143	156
11	138	157
29	151	165
19	147	169
9	156	178
39	153	163
28	151	163
23	154	173
5	163	183
15	164	176
18	161	175
13	163	175
11	168	178
36	175	196
8	171	184
34	183	193
15	189	203
21	189	202
18	187	240
12	192	206
11	202	213
30	202	214
26	197	224
33	206	224
39	202	217
29	201	223
22	212	223
27	215	235
8	208	228
21	215	234
14	218	228
22	228	247
17	225	238
30	228	240
35	229	252
7	230	259
2	230	245
14	233	270
1	233	344
37	240	265
8	231	256
41	234	244
20	233	249
16	240	283
28	238	284
11	247	259
4	247	303
32	249	364
9	245	255
34	249	259
2	248	302
27	248	361
41	250	273
21	247	268
36	230	262
35	256	378
20	261	272
9	260	276
31	242	377
39	250	277
40	248	274
38	262	281
12	250	274
10	263	382
11	267	378
6	264	274
30	250	278
29	262	281
36	266	376
5	271	375
37	271	283
34	261	389
33	274	364
25	274	298
40	276	370
29	285	385
26	278	369
17	276	368
39	282	365
23	284	300
20	282	393
8	280	378
18	284	372
7	288	414
41	289	368
38	289	370
6	284	378
0	289	303
19	286	370
37	291	372
16	290	393
14	289	374
13	297	330
28	298	394
15	300	351
30	292	365
24	295	338
22	305	351
21	306	345
25	305	374
4	306	369
9	306	364
23	307	381
2	309	366
12	304	382
0	306	345
3	312	374
13	331	356
24	344	387
21	348	385
1	347	363
22	354	380
0	360	373
15	355	380
13	373	387
19	378	390
36	380	393
3	375	421
26	382	392
8	381	392
32	382	392
15	381	395
21	386	398
24	389	399
5	391	401
38	375	422
13	393	410
32	397	407
6	397	433
30	397	409
14	398	431
1	386	428
35	392	414
18	401	423
34	405	421
16	404	426
20	408	434
10	409	420
31	407	434
40	413	429
41	418	428
8	421	459
30	418	429
13	421	438
28	421	436
10	421	431
32	419	431
22	423	436
23	420	436
39	425	442
27	436	452
0	426	451
30	432	447
2	437	447
32	437	450
38	446	462
7	428	465
20	449	461
13	444	462
25	452	462
22	452	489
28	459	470
40	448	469
18	462	506
23	466	481
29	470	482
36	474	484
20	462	485
9	476	491
19	482	503
21	482	530
28	489	535
29	487	502
20	486	545
6	492	516
22	497	522
40	495	522
1	494	508
11	486	512
13	496	532
26	499	509
17	502	521
3	503	519
7	508	518
32	501	527
9	505	524
27	505	556
19	510	537
12	513	523
15	518	528
35	517	571
23	520	613
33	512	546
2	523	540
38	514	533
18	524	552
34	526	540
21	532	560
11	518	547
5	532	542
26	521	558
15	530	585
40	530	546
17	535	554
36	536	548
7	532	589
31	543	553
0	533	557
1	538	554
34	553	573
13	549	586
19	546	569
12	532	570
2	547	559
20	555	580
38	543	610
5	554	570
40	548	582
3	551	565
17	558	568
4	553	568
11	553	579
31	560	578
37	546	568
21	561	571
39	565	575
14	566	613
17	572	588
12	571	593
22	569	603
26	567	601
33	565	596
21	573	607
5	577	598
2	581	593
11	580	619
1	582	594
34	584	605
30	586	601
18	587	619
27	579	600
15	586	613
31	585	615
20	587	619
12	594	614
1	596	616
9	594	605
3	590	614
41	591	617
8	591	604
36	594	617
35	574	606
16	596	618
10	588	617
39	592	608
0	599	619
32	602	614
2	602	619
27	603	615
40	597	615
19	603	617
7	598	617
22	606	618
6	606	616
37	605	616
4	25	52
29	29	39
0	33	43
2	38	51
41	42	52
3	101	112
41	70	80
0	71	81
36	80	90
7	83	93
27	85	95
2	86	96
9	90	100
34	92	106
0	124	134
4	95	105
32	95	105
19	94	104
25	95	105
8	95	106
27	96	112
16	98	108
22	99	109
29	99	118
9	101	111
17	101	111
36	101	120
1	106	116
33	105	115
21	109	126
40	111	131
15	112	122
24	114	130
32	116	131
37	119	129
23	118	128
35	126	136
10	131	141
6	131	149
29	133	143
9	133	143
39	135	145
23	134	150
24	140	150
36	145	164
17	146	156
34	151	165
10	157	172
12	159	169
32	160	170
25	162	172
14	163	173
41	164	174
0	170	183
30	164	174
37	166	176
20	168	178
29	169	193
7	169	179
32	171	181
17	173	183
25	173	183
39	175	185
2	177	187
33	177	187
27	179	189
1	179	189
13	180	190
34	194	204
24	184	194
17	184	194
4	185	202
37	185	195
20	185	195
7	188	198
32	191	201
13	194	204
41	194	204
8	193	207
20	196	206
31	198	208
40	197	207
6	198	208
35	209	219
0	203	213
11	215	241
32	205	219
7	208	218
20	208	219
23	214	224
13	216	226
34	219	231
5	216	226
28	218	228
40	219	229
12	218	228
0	221	231
24	221	231
6	221	231
32	222	232
33	225	235
16	225	235
39	227	237
40	230	240
29	230	249
38	234	244
13	236	250
17	243	253
3	242	252
5	245	255
24	247	257
15	251	289
38	247	257
29	250	260
10	252	262
26	256	266
8	258	268
17	257	267
18	258	268
33	260	271
23	263	278
22	266	276
7	277	287
13	269	289
0	273	283
24	276	292
30	280	290
3	282	292
9	281	298
13	357	367
2	369	388
27	370	387
33	372	382
0	374	384
39	379	396
14	379	393
37	383	393
22	383	397
11	389	399
10	391	401
19	393	406
29	392	402
39	399	409
2	400	410
17	401	411
26	403	413
37	406	435
25	405	420
2	466	486
21	409	419
27	418	431
4	414	424
11	415	425
2	420	430
35	434	447
17	422	440
25	429	439
33	424	435
18	432	447
5	427	440
23	485	495
11	427	437
34	427	437
26	430	440
21	432	450
40	431	441
41	432	442
1	432	453
36	433	445
24	434	445
9	436	455
19	437	447
29	440	453
10	440	450
15	440	450
14	441	452
3	441	460
28	446	458
11	446	456
17	451	461
26	453	463
32	453	463
30	454	464
39	454	464
29	456	466
4	465	476
1	459	469
19	464	474
21	464	481
33	468	478
15	468	483
31	468	479
13	471	481
8	473	486
38	473	483
10	475	485
25	474	490
39	474	484
16	476	486
1	479	489
32	481	497
4	480	492
5	481	493
17	483	493
27	484	494
31	493	504
35	489	499
4	493	506
36	496	513
3	530	545
14	499	509
24	499	509
37	501	515
30	506	524
41	506	516
39	507	517
5	507	517
18	509	519
0	510	520
10	515	527
37	516	526
24	515	525
14	518	535
25	518	530
41	520	538
4	523	533
8	524	534
22	526	536
30	526	536
24	527	537
10	528	549
32	529	550
9	531	541
6	531	541
16	537	570
25	537	547
14	539	565
8	539	549
24	542	552
5	543	553
41	545	555
28	547	557
30	550	565
29	554	565
32	551	564
10	551	574
33	551	561
39	552	562
22	555	568
25	554	566
8	556	566
36	557	567
6	560	570
18	560	574
24	562	575
0	562	583
41	566	576
8	567	577
32	568	578
25	569	579
4	569	579
16	573	586
9	572	582
30	574	584
37	576	595
24	577	587
28	577	588
39	577	587
29	577	592
41	577	587
6	583	602
4	589	599
13	595	613
26	602	612
33	604	614
8	606	616
29	606	616
4	607	617