20	26	45
19	20	28
11	24	32
17	38	47
24	24	32
4	25	33
14	25	33
6	27	36
30	28	36
39	28	36
40	34	53
28	30	54
38	29	37
0	31	40
22	32	40
27	38	51
21	35	57
26	44	59
41	35	48
25	37	45
14	37	45
39	40	54
23	39	58
10	39	47
16	39	48
11	40	48
13	41	50
38	41	58
24	41	49
5	41	59
2	42	55
7	42	50
1	43	59
19	43	54
33	44	54
9	44	60
15	44	78
34	45	70
32	46	74
31	47	76
36	50	58
25	50	58
22	50	58
37	51	83
30	51	59
6	51	62
35	61	82
4	52	60
18	53	63
14	53	61
0	56	77
3	56	72
41	56	64
27	61	76
2	58	66
40	60	71
11	60	78
8	61	72
24	75	83
30	63	90
21	63	81
17	90	112
4	66	74
20	66	74
26	68	76
28	68	94
16	68	76
10	68	76
1	70	88
38	71	80
6	72	90
9	73	87
36	73	81
39	74	82
2	74	88
26	91	100
40	77	94
3	77	96
4	78	87
12	77	86
32	79	87
22	80	88
37	91	100
31	82	90
13	82	97
29	84	109
7	84	101
0	85	93
41	87	99
23	87	95
19	88	96
36	87	95
38	89	111
8	89	107
4	90	98
10	95	107
25	92	107
22	95	125
21	94	102
12	96	104
5	97	119
6	98	106
24	98	106
33	102	110
3	102	110
16	105	133
18	104	112
31	104	112
20	103	111
35	108	118
37	106	118
21	107	115
1	107	124
39	112	124
9	112	120
11	112	131
26	113	121
25	115	132
10	118	126
41	114	122
38	116	124
14	118	126
33	119	127
40	119	130
31	124	132
21	126	155
34	122	136
28	122	130
37	122	136
29	121	129
36	123	131
12	124	141
9	123	131
24	125	133
26	127	139
38	127	135
35	128	136
17	130	138
14	130	138
3	130	138
36	134	142
30	134	142
19	134	142
1	137	148
31	137	151
23	139	157
28	139	147
35	146	161
4	141	149
38	143	151
0	147	155
12	146	154
11	147	155
9	148	156
25	149	157
16	149	157
41	151	159
7	151	159
2	155	163
33	209	219
6	154	163
32	154	169
18	157	175
37	158	166
22	158	166
15	158	177
7	170	192
38	158	166
21	159	174
26	160	172
33	161	169
16	168	177
8	165	173
28	166	174
40	166	174
12	166	185
11	168	176
20	169	177
19	168	176
30	168	176
2	170	178
17	174	182
25	176	184
38	176	184
26	177	185
1	175	183
18	178	186
36	178	186
9	178	198
14	179	187
10	180	188
40	184	192
3	182	190
32	182	190
24	183	191
39	185	196
17	186	200
4	186	194
38	192	251
36	191	202
22	192	200
12	194	203
37	196	207
31	196	204
18	196	204
33	196	204
24	199	207
40	201	226
29	205	213
19	202	210
36	206	214
22	205	223
2	205	213
32	205	220
26	208	219
6	209	217
13	209	217
18	211	219
25	211	219
17	216	224
27	217	225
21	216	245
3	219	227
36	225	245
20	220	228
28	220	228
34	219	240
35	222	240
4	222	240
7	222	230
31	224	232
9	296	373
18	226	234
28	233	246
11	225	233
37	234	248
30	229	237
6	229	246
17	239	299
26	231	239
24	230	238
5	231	239
7	236	244
29	236	246
19	250	281
3	236	244
32	237	246
1	237	245
8	241	251
20	239	247
15	242	269
12	243	251
31	268	316
41	244	252
2	243	261
23	243	251
13	245	253
5	244	261
18	246	257
31	246	254
33	247	255
16	284	360
27	248	256
36	248	267
30	249	267
40	250	258
14	250	258
39	250	262
6	251	259
11	250	258
3	277	357
16	252	262
21	252	260
20	251	264
3	253	271
13	257	271
28	257	267
25	253	261
4	288	315
12	262	274
41	259	268
32	317	358
26	259	288
32	258	281
10	259	273
23	261	274
27	262	276
22	263	271
34	262	292
38	264	279
11	265	273
25	265	274
29	265	288
36	283	291
37	265	273
35	276	284
1	268	276
8	269	283
30	270	326
40	271	289
33	271	285
4	271	285
20	272	321
18	309	348
5	274	298
14	273	293
7	276	339
41	276	299
37	278	286
21	277	285
11	278	286
24	278	286
37	306	349
11	295	318
13	281	289
9	281	293
2	286	310
19	284	292
23	282	290
28	290	299
10	284	300
11	321	355
15	287	365
6	290	298
18	291	299
24	292	378
27	293	301
39	292	345
35	294	307
37	293	301
25	296	346
33	295	303
21	298	366
26	304	356
32	298	306
23	298	309
8	298	345
34	299	307
40	298	318
6	301	328
22	301	313
36	301	309
14	302	321
12	302	356
41	302	310
27	304	375
38	306	314
13	305	313
1	306	342
5	307	328
28	307	356
34	319	362
19	311	354
17	311	341
33	316	357
29	312	362
41	313	337
10	316	335
22	316	332
36	317	356
13	317	354
2	320	369
4	319	350
0	319	344
38	321	358
35	320	373
20	325	347
23	322	347
40	322	333
14	324	369
30	350	387
31	324	340
41	345	384
6	331	356
5	334	359
22	335	360
30	335	343
1	345	406
4	357	375
31	344	357
40	340	360
10	341	379
7	342	365
17	344	353
11	415	449
0	350	367
20	351	374
18	354	368
39	362	374
8	354	369
37	354	365
23	356	387
31	362	371
17	356	365
22	367	389
36	359	371
26	360	371
6	363	374
12	364	372
3	364	382
19	365	385
40	364	372
5	364	377
33	367	375
38	367	384
29	368	379
28	371	380
7	368	404
34	368	376
32	379	387
18	371	379
25	373	391
15	373	389
6	378	394
8	375	383
31	376	384
36	378	395
21	377	385
35	378	386
39	381	390
0	380	397
20	381	398
26	385	400
5	387	403
12	386	394
21	389	406
17	389	397
10	400	408
8	393	401
32	393	406
13	395	403
9	400	411
19	401	409
6	401	431
18	401	409
15	403	413
26	423	434
40	407	420
20	404	413
2	406	444
28	409	417
39	408	416
34	408	416
7	412	426
4	412	420
21	412	444
25	416	424
15	416	435
16	415	425
41	417	429
20	417	425
8	418	426
24	420	441
3	420	428
12	421	441
22	421	429
1	422	430
18	423	431
33	424	432
35	423	444
40	425	440
37	425	433
31	426	434
23	427	440
5	426	439
25	430	455
13	430	438
17	431	439
3	431	444
0	433	448
20	433	441
30	435	443
37	436	445
10	439	447
39	445	453
41	438	448
6	438	446
7	439	447
29	439	451
27	447	458
34	439	447
25	471	491
5	442	450
9	443	451
23	446	457
38	444	452
28	444	452
33	447	465
41	486	494
22	446	454
26	447	455
21	447	455
7	459	481
19	453	461
17	453	471
41	456	467
21	462	486
1	456	464
3	457	465
28	458	479
15	458	466
20	460	468
16	462	477
11	463	473
32	463	471
14	465	473
0	466	474
6	469	477
40	469	478
36	469	478
4	473	481
31	474	482
2	474	482
29	477	485
15	477	485
10	477	485
37	520	532
37	478	494
32	481	489
23	479	496
12	480	494
16	481	489
33	481	514
38	480	501
9	482	490
30	485	493
2	485	493
22	486	495
0	485	498
39	486	494
31	489	497
29	490	499
17	494	506
5	496	511
21	493	501
35	497	517
36	500	508
28	496	504
26	499	507
11	500	508
24	500	508
20	500	511
16	505	521
1	502	510
31	504	512
4	506	514
14	506	519
12	506	522
8	506	514
19	507	515
36	511	526
28	510	518
40	511	519
21	512	528
32	511	534
0	512	523
39	511	525
25	513	549
6	514	522
11	516	535
27	514	522
7	514	551
28	521	530
22	515	523
5	515	531
26	518	538
13	519	527
23	520	536
10	521	529
30	520	537
36	546	560
35	526	543
3	523	531
29	523	531
34	524	542
31	526	534
40	526	537
17	526	534
20	527	543
12	526	542
6	526	534
19	547	567
9	529	537
14	529	562
24	530	544
41	530	544
22	531	557
2	532	540
18	532	540
39	533	541
15	533	541
1	533	574
10	533	541
3	534	545
0	534	542
33	538	550
29	538	546
4	537	545
38	538	546
6	538	555
27	539	550
8	541	562
15	546	595
30	543	558
21	543	551
26	543	555
11	546	558
35	548	574
12	546	575
40	551	568
28	550	568
34	550	567
23	550	591
16	551	561
5	552	562
17	557	570
37	554	562
24	555	564
9	556	564
41	557	565
0	560	568
3	556	564
21	557	570
30	562	572
13	559	567
38	559	567
18	562	584
11	562	579
4	562	582
29	562	571
32	563	575
6	561	569
31	562	578
20	564	583
7	563	604
22	565	573
8	565	573
41	568	576
9	569	616
24	567	575
14	567	575
2	570	578
13	571	579
38	576	612
3	571	579
36	571	586
28	572	581
30	593	609
21	579	593
33	579	588
10	578	586
39	578	587
6	579	587
1	580	588
16	580	588
0	580	588
37	582	590
29	582	590
26	586	614
32	585	593
28	587	606
3	587	615
12	587	595
13	588	596
10	590	598
25	591	601
8	590	598
40	595	603
35	596	615
21	597	605
16	597	605
14	596	606
5	596	617
11	603	611
36	599	613
20	600	617
2	600	612
19	600	608
32	600	608
15	601	609
8	602	613
41	602	614
37	603	611
22	608	617
17	604	616
6	602	615
1	604	612
10	608	616
18	604	612
40	609	617
23	606	614
24	607	615
13	606	616
25	607	615
0	609	617
29	608	616