12	34	62
6	22	34
0	27	49
37	29	44
38	42	68
8	29	49
13	30	46
31	30	42
14	30	42
16	31	43
1	32	44
24	33	45
36	33	45
7	35	61
18	36	48
35	38	53
21	40	56
20	39	51
9	50	63
31	41	80
29	42	56
19	42	61
14	43	55
3	43	55
22	43	55
37	44	67
18	63	76
27	44	76
41	44	76
6	45	57
30	45	57
28	46	74
5	48	62
33	48	68
36	49	80
21	65	77
23	49	61
15	49	66
13	51	81
17	52	64
1	51	63
26	52	78
8	53	65
11	54	66
35	55	67
20	55	69
14	57	69
2	57	88
39	57	69
17	67	82
32	57	70
29	59	87
6	59	73
16	60	72
3	61	73
4	63	75
10	66	82
35	67	79
9	66	79
15	68	80
40	67	79
37	70	82
1	70	82
14	72	84
12	71	83
11	72	85
24	74	86
3	74	88
28	75	87
25	75	92
30	77	89
21	78	105
27	77	97
39	77	94
22	78	90
41	79	91
23	80	92
35	81	98
31	81	95
26	81	93
40	81	98
12	82	103
13	82	94
20	85	98
6	85	102
0	85	98
29	87	99
11	89	101
2	89	101
28	89	110
36	136	148
41	91	103
14	91	103
1	93	105
33	92	104
9	95	107
19	95	107
38	96	112
10	97	109
15	96	108
35	98	110
20	99	115
30	99	114
27	98	110
39	99	111
36	110	135
17	101	132
40	101	113
4	102	114
14	102	114
11	104	116
29	108	120
16	105	125
31	103	115
23	105	126
0	106	118
9	108	120
19	108	120
26	111	124
7	111	123
15	111	123
1	112	137
9	123	145
33	114	144
35	114	126
6	115	127
20	115	131
14	116	128
2	116	135
8	118	130
0	117	129
40	119	131
32	119	131
38	126	140
18	123	137
27	121	133
14	173	186
10	123	144
21	123	135
39	123	145
3	124	136
19	125	137
11	126	138
29	126	147
23	129	141
34	128	140
30	131	143
12	131	143
5	130	142
22	131	143
0	133	145
37	132	144
32	134	146
28	133	145
20	143	158
21	139	154
8	136	148
22	142	155
13	137	149
40	138	150
31	139	151
7	141	153
18	142	155
35	143	155
25	144	156
11	149	161
16	146	158
12	147	159
41	147	176
4	147	159
32	148	160
10	149	178
30	149	161
40	150	162
8	150	162
0	151	177
26	150	162
24	151	173
19	151	163
13	160	172
17	155	167
29	156	168
39	158	170
19	169	194
1	161	173
27	162	183
22	164	176
7	165	177
12	165	177
21	166	178
25	172	192
28	174	186
9	170	182
18	173	189
36	174	193
12	177	189
31	185	197
13	181	193
41	180	192
33	181	193
23	180	192
4	180	192
37	183	195
6	183	195
40	184	196
10	186	198
34	187	199
24	186	212
20	189	201
1	189	201
26	190	202
4	192	204
13	192	204
22	193	208
29	194	206
40	195	207
5	195	207
3	201	216
27	196	216
2	197	209
35	198	210
7	200	221
28	199	211
20	202	214
11	202	214
32	205	219
23	207	225
19	211	223
2	210	222
12	211	223
28	212	226
9	211	229
1	213	225
36	215	227
11	215	227
39	215	227
4	215	233
20	220	232
38	221	233
31	223	235
5	222	249
16	223	247
37	225	237
35	225	239
32	227	239
12	227	239
38	236	250
30	229	241
1	228	240
27	230	252
15	230	242
34	231	243
27	255	278
36	232	244
29	232	244
17	233	245
2	236	248
23	237	249
39	237	249
31	240	252
26	240	252
25	240	260
25	259	320
37	240	257
15	245	259
19	244	256
36	243	271
33	244	256
41	246	258
34	246	270
18	246	258
28	248	262
30	247	261
13	255	281
3	254	315
22	250	276
1	250	262
4	249	264
9	250	278
12	253	265
14	252	275
35	253	265
31	254	267
0	255	272
23	255	270
29	254	275
19	256	272
39	258	270
26	256	268
15	258	281
41	259	271
18	260	272
18	286	369
28	269	295
10	261	281
5	263	350
24	261	273
33	263	286
37	263	289
17	265	278
32	306	375
35	266	278
20	266	279
26	271	284
40	268	280
8	267	279
16	271	285
31	269	286
12	271	289
7	310	364
2	272	284
1	273	287
11	286	331
30	273	290
19	307	350
29	277	301
22	276	291
26	283	313
14	277	365
24	277	302
0	277	290
35	279	307
38	295	329
8	281	293
40	280	296
13	282	396
9	281	293
36	284	302
23	284	309
15	289	382
33	285	302
32	286	307
1	286	308
27	285	371
4	285	297
2	288	339
7	289	301
3	314	373
19	290	305
1	310	364
8	292	304
16	293	309
4	299	371
40	295	323
20	300	369
6	306	345
41	295	315
28	295	324
12	296	343
29	305	397
31	303	315
34	302	364
9	297	309
39	297	360
9	310	365
30	301	313
0	301	313
22	301	323
37	303	350
36	306	371
8	306	324
33	306	373
21	308	367
24	309	349
23	309	332
35	311	325
31	314	351
41	317	378
16	315	334
10	314	362
26	319	350
17	316	357
22	323	370
30	325	354
0	319	373
25	321	354
28	323	379
40	324	374
8	324	349
11	331	352
38	328	342
16	344	385
35	328	364
12	347	391
23	331	366
26	351	391
2	338	356
17	364	388
38	346	359
19	349	381
6	350	378
8	353	399
25	355	367
37	355	367
30	356	371
2	357	380
5	358	370
31	358	370
38	361	381
10	365	378
35	363	381
1	363	387
34	365	377
34	436	448
14	368	380
9	367	379
23	368	380
10	407	429
20	371	383
37	371	383
7	372	391
11	372	386
30	374	386
36	374	386
21	375	387
18	535	571
40	375	391
22	382	394
4	383	407
6	378	390
33	380	411
9	378	390
0	381	393
37	385	402
20	382	395
38	382	394
27	381	401
14	384	396
2	384	396
19	387	411
5	389	425
3	389	401
15	392	404
7	391	403
39	392	404
28	393	405
18	394	415
32	393	405
3	402	417
20	395	407
31	396	415
40	396	408
22	397	415
17	399	411
30	400	435
27	404	416
38	400	412
14	409	421
26	403	415
24	405	417
34	407	424
15	406	419
7	406	418
21	408	420
6	409	421
36	410	422
2	409	421
20	442	464
11	413	425
38	413	425
39	414	428
4	416	437
3	418	430
33	419	431
17	419	440
28	419	431
27	419	435
20	422	434
36	422	434
29	423	439
8	424	439
31	427	439
7	431	454
18	426	454
35	425	437
26	426	438
25	428	440
32	426	438
38	428	440
10	428	440
1	427	442
37	428	440
0	430	452
2	432	444
15	431	443
40	430	442
21	431	443
3	435	465
41	435	447
33	435	447
36	436	448
19	435	455
30	436	448
35	440	452
20	495	511
39	445	457
22	438	457
11	439	451
10	442	454
24	442	454
27	443	455
5	444	457
17	445	464
34	447	469
4	448	460
10	495	507
28	455	467
30	455	467
26	456	468
41	456	468
13	455	483
35	456	468
25	457	469
39	459	471
19	483	501
9	538	562
19	460	472
27	460	472
18	464	476
11	465	477
37	463	475
6	465	477
22	466	487
21	468	514
15	468	491
20	469	481
32	469	488
9	468	480
31	469	481
33	471	483
5	472	484
4	473	485
40	474	486
8	476	491
25	478	496
27	476	488
13	482	501
41	477	489
24	478	490
36	483	505
26	545	558
12	480	492
28	482	494
29	483	495
17	484	496
18	483	495
7	484	496
5	485	497
0	514	532
30	491	503
22	489	504
26	489	519
23	489	501
4	490	502
24	494	506
9	490	502
35	491	503
31	490	502
41	492	509
3	493	507
10	506	552
40	493	532
0	493	510
28	497	513
5	496	508
6	499	511
8	500	512
14	501	535
27	502	520
35	503	515
37	508	529
12	523	538
1	505	517
30	504	543
18	511	528
34	505	527
15	507	519
3	525	583
7	506	518
9	509	521
36	507	519
41	509	536
11	510	528
6	510	524
23	509	524
25	511	523
32	511	523
5	513	535
29	513	536
20	512	541
3	513	525
35	516	528
13	515	527
39	515	530
16	517	529
33	516	528
5	543	600
38	518	555
8	518	557
32	526	538
21	521	533
7	521	533
36	522	537
15	522	540
28	522	549
4	526	550
19	526	548
9	524	536
35	527	563
22	528	543
2	529	551
26	529	541
33	529	552
17	531	548
6	531	557
31	535	561
24	534	546
29	537	550
16	537	549
11	540	560
37	537	549
7	539	551
0	538	554
26	600	619
23	540	570
12	539	551
36	540	563
27	542	556
20	543	556
32	542	559
41	545	563
24	547	559
19	549	563
28	549	561
37	549	561
15	549	575
1	549	566
34	549	561
30	551	563
17	550	565
29	551	578
2	553	589
0	554	583
33	555	568
21	555	573
40	554	566
16	554	567
8	556	571
20	556	568
6	556	570
12	559	584
31	561	580
13	562	584
14	563	584
35	565	577
28	566	579
34	564	580
10	565	580
37	565	577
19	566	578
39	567	587
25	565	577
22	567	579
1	567	579
11	567	579
4	568	584
24	570	589
20	570	582
21	572	598
40	573	585
32	576	588
9	575	590
35	577	620
26	576	588
7	579	597
39	589	621
37	576	588
6	579	620
34	580	600
25	581	594
23	580	592
38	580	600
27	580	619
29	582	594
13	584	605
33	585	597
8	587	599
17	587	605
9	593	616
40	588	600
20	589	601
18	589	601
4	589	601
11	589	611
23	591	603
41	592	610
2	592	604
1	593	614
31	594	606
15	597	609
30	599	619
18	603	621
25	600	612
12	599	611
4	606	620
22	599	611
19	600	621
40	599	611
33	599	612
14	599	620
3	600	618
7	600	612
28	602	615
2	604	616
29	604	616
34	604	616
13	606	618
8	608	620
32	607	619
20	607	619
24	609	621
38	608	620