16	40	64
13	24	55
27	26	39
18	26	38
26	26	38
35	26	38
37	27	46
9	29	48
3	29	46
0	29	48
8	29	41
2	29	41
32	30	46
33	30	42
4	32	68
36	34	46
27	53	85
40	36	59
41	36	48
37	47	72
39	39	51
15	38	89
28	38	55
8	40	52
20	41	75
7	41	62
11	41	70
2	42	98
34	42	54
29	42	63
23	45	57
21	43	55
10	44	78
5	44	56
30	46	58
31	47	59
19	53	65
24	46	65
25	47	74
38	50	82
17	50	62
14	50	99
41	51	72
9	52	64
33	54	66
6	54	74
3	54	66
34	55	95
21	56	100
35	55	79
22	57	69
18	56	68
23	56	68
7	84	96
39	57	69
17	83	95
12	61	73
17	61	75
29	67	84
1	62	86
33	66	108
40	63	106
28	63	82
24	65	85
30	66	96
31	66	78
8	68	80
9	69	91
11	69	81
4	68	93
39	68	80
19	73	92
37	87	126
6	73	89
5	74	86
16	72	95
0	75	87
13	73	85
36	80	102
31	79	94
3	80	98
26	80	92
25	79	97
12	81	93
11	80	106
35	84	96
41	84	96
23	83	98
29	84	96
5	90	104
39	87	99
1	87	109
22	89	106
38	92	117
24	91	103
9	91	103
8	92	104
12	92	104
28	96	114
29	96	115
41	103	124
3	97	116
7	97	109
0	96	112
27	100	113
17	100	112
4	101	115
23	101	119
8	103	115
16	103	115
32	114	126
19	104	116
2	104	116
10	104	116
5	105	117
30	105	138
40	115	127
40	194	213
13	108	120
20	110	122
21	110	123
36	114	126
15	115	145
24	114	126
4	114	126
22	116	134
6	115	128
8	117	129
34	118	130
12	118	130
1	124	136
16	121	133
14	120	140
9	124	147
18	123	135
10	123	144
36	127	139
4	127	139
26	129	147
12	137	149
21	131	143
38	134	146
34	135	151
41	138	158
37	140	152
24	139	151
7	141	153
17	142	154
11	147	159
35	146	164
37	155	167
6	148	160
36	149	161
4	148	160
3	156	170
29	151	163
28	152	164
12	151	163
26	152	164
1	154	166
22	218	236
20	157	169
22	161	178
16	159	171
32	158	170
23	162	174
34	160	172
24	168	187
8	160	172
6	162	174
38	167	181
33	165	177
36	165	177
37	168	180
25	169	196
14	171	183
17	169	191
32	170	182
5	170	182
21	170	192
29	169	181
11	175	193
37	220	233
30	173	185
19	172	184
20	174	188
31	174	189
6	177	196
10	179	191
35	181	198
29	181	204
9	181	193
36	190	202
0	187	202
12	183	195
2	184	196
27	210	222
7	186	203
24	189	201
3	189	201
30	191	207
38	191	203
26	190	202
34	197	210
15	200	217
22	193	205
28	193	205
4	193	211
13	195	207
10	196	208
1	194	206
19	196	208
11	198	215
12	198	219
2	203	218
25	200	217
23	201	213
26	201	213
28	205	219
11	230	254
16	206	218
17	205	217
28	262	289
13	206	218
21	211	223
19	210	224
18	214	244
29	215	227
33	216	232
3	218	230
36	218	230
32	218	235
9	219	231
6	219	231
2	223	235
16	223	235
1	222	248
24	224	236
26	228	240
31	229	241
30	230	242
28	231	243
17	231	243
8	231	243
29	231	243
0	247	273
36	232	244
12	235	247
40	234	246
39	243	258
32	235	272
24	237	249
15	236	248
19	238	250
23	243	255
9	239	251
6	241	253
37	241	254
22	241	253
21	244	267
17	244	256
33	245	263
1	247	259
4	247	346
38	279	295
34	251	263
30	248	260
8	250	272
41	248	301
18	250	264
7	249	261
24	251	264
38	251	263
25	252	264
23	254	276
10	254	292
26	254	266
2	254	271
29	253	265
6	254	277
16	255	267
14	255	267
31	255	267
22	256	271
5	256	282
17	256	268
12	256	268
11	257	269
32	271	283
39	259	271
37	260	277
24	263	275
15	263	279
13	265	286
1	265	277
38	265	277
18	265	298
34	265	277
33	288	392
21	267	279
12	268	281
22	271	288
33	272	284
8	272	286
40	272	293
26	272	284
2	271	283
31	273	288
16	273	285
14	274	286
27	273	289
30	274	377
24	274	307
36	274	312
3	275	307
9	276	300
34	276	307
7	284	301
1	277	289
0	281	293
20	284	296
32	282	302
26	283	295
19	282	302
39	284	307
16	285	297
35	285	297
31	288	309
6	288	300
29	294	310
12	289	306
23	290	302
22	289	301
37	291	303
17	291	303
10	293	327
8	292	312
14	298	372
11	300	369
13	296	308
20	296	343
35	302	332
16	297	309
9	303	368
32	305	360
24	308	328
26	300	360
19	302	370
23	301	374
8	311	384
15	301	359
25	303	322
40	303	318
21	303	362
41	308	356
17	305	321
1	304	391
13	308	364
37	304	324
2	305	375
18	305	367
3	314	334
7	307	359
38	306	328
39	306	358
5	307	353
34	309	321
29	310	322
36	311	371
29	323	367
6	311	324
27	312	355
28	319	361
22	318	360
10	326	381
37	325	363
35	331	359
34	320	390
16	315	346
0	316	329
31	317	382
12	317	376
25	321	360
41	373	397
38	329	372
6	361	373
6	326	362
24	327	367
40	328	363
0	328	342
17	329	378
20	342	357
5	355	393
29	385	399
0	341	377
3	342	377
4	346	367
16	352	368
4	366	383
41	355	367
22	359	378
28	360	372
39	360	384
7	360	375
20	362	382
21	361	373
35	366	387
26	365	391
32	365	377
37	366	378
24	367	385
29	369	381
13	373	385
19	370	396
14	371	383
7	374	386
11	375	387
27	377	408
17	377	391
6	381	393
18	381	393
38	381	403
9	383	395
40	383	403
23	384	405
8	385	397
2	386	416
7	387	404
24	387	407
37	388	415
34	390	413
16	390	405
32	390	402
10	392	404
11	394	409
5	392	404
35	397	413
22	404	437
21	394	410
20	396	408
17	395	416
19	398	410
15	399	411
0	401	413
29	401	413
25	402	414
33	403	415
30	427	455
14	405	428
10	407	419
31	408	420
16	408	434
5	408	420
27	408	420
8	410	422
12	410	422
29	412	427
28	412	424
30	411	423
39	414	434
33	416	430
21	415	427
1	417	429
19	416	428
2	418	438
11	422	434
7	420	432
35	420	438
25	423	435
24	423	443
15	423	435
17	422	445
5	423	445
28	424	444
3	424	436
23	426	459
40	429	441
4	431	443
32	431	443
36	432	444
1	433	445
10	434	446
7	434	446
15	437	449
22	441	461
39	439	454
3	441	453
9	441	453
26	443	455
33	448	470
41	445	457
17	458	480
19	448	460
27	451	464
13	449	462
36	449	469
37	450	462
10	449	468
5	449	462
1	452	464
24	450	464
25	452	464
39	453	465
40	456	468
26	457	469
2	462	486
6	462	474
12	462	474
3	462	474
15	461	482
29	461	478
22	462	474
41	463	475
37	465	477
18	465	477
35	465	477
16	466	478
27	470	482
32	469	481
21	470	482
39	471	485
13	473	485
18	477	491
19	475	491
28	476	489
26	477	494
41	477	489
0	478	490
40	479	496
5	480	492
23	482	523
25	483	495
15	483	495
31	484	497
40	514	535
16	488	502
28	490	502
0	490	507
11	490	502
29	491	503
26	493	509
33	492	504
30	493	512
1	495	507
12	495	507
20	497	509
13	498	510
33	503	522
10	501	527
32	500	530
16	516	543
11	502	514
22	502	527
21	503	522
16	504	516
36	503	515
24	505	521
3	513	525
29	506	518
2	506	518
20	508	520
19	507	525
15	507	523
39	508	520
14	509	534
9	542	570
28	510	570
34	510	537
11	513	525
6	514	526
31	513	529
9	516	528
0	516	535
37	517	529
26	516	528
32	530	547
4	518	582
24	520	551
7	520	532
39	539	582
27	521	538
36	520	533
38	523	543
12	522	534
41	530	547
1	522	543
13	523	537
2	523	535
20	522	548
23	525	537
9	527	539
22	527	539
21	527	542
39	527	539
30	526	540
5	527	539
15	529	547
3	529	541
8	530	542
19	532	549
7	531	543
26	532	574
6	532	544
40	542	556
37	534	557
10	534	546
35	537	554
25	538	575
34	538	550
36	538	557
33	539	561
29	540	563
2	539	555
23	540	552
26	574	619
17	540	552
12	540	552
1	547	578
10	576	590
11	541	563
13	543	555
30	545	568
6	546	569
27	545	578
38	547	564
3	546	563
16	548	560
10	550	562
14	549	577
31	550	562
22	551	563
18	551	563
0	552	577
21	552	564
19	551	563
7	552	564
15	553	570
5	557	577
23	556	596
35	557	577
31	562	579
8	557	569
41	557	569
36	558	570
12	558	570
24	559	585
32	560	581
19	566	584
29	565	577
3	566	578
22	566	578
40	568	612
6	568	592
41	570	589
16	570	607
37	572	591
28	572	584
38	573	585
20	574	590
7	575	587
27	577	589
19	584	603
15	578	590
22	580	592
3	579	599
5	579	591
21	592	618
12	580	592
28	584	620
17	580	609
33	582	594
25	582	594
35	588	607
32	588	602
30	593	608
14	587	599
39	588	600
0	589	608
7	589	602
18	595	607
12	591	620
33	596	611
1	599	619
24	592	619
38	593	619
41	594	619
31	594	615
9	596	608
29	595	619
27	595	607
11	598	618
36	599	621
4	599	611
22	598	618
10	598	617
20	600	612
2	601	614
30	609	621
8	602	614
32	601	614
13	602	618
34	602	614
7	601	613
23	607	619
15	607	619
17	608	620
35	608	620
14	609	621