35	21	27
28	26	48
3	24	30
21	25	31
31	29	53
0	30	36
27	30	38
12	30	45
8	32	48
15	33	45
4	35	41
11	35	41
14	35	41
18	37	43
1	37	50
38	41	47
23	46	61
0	43	49
38	52	61
37	46	52
29	47	53
13	47	53
24	48	54
17	48	54
11	49	65
20	49	60
35	49	55
27	67	82
15	50	56
4	53	59
21	54	60
6	57	64
14	54	60
41	54	60
0	57	67
7	58	64
36	58	64
5	61	74
18	64	72
31	65	71
30	66	72
14	67	73
2	67	73
8	68	74
39	70	76
1	71	89
15	72	78
36	72	78
3	74	80
38	76	82
9	77	88
30	78	84
34	80	86
24	80	91
28	80	86
29	80	86
10	83	89
20	82	88
22	86	92
11	84	90
21	85	93
23	85	91
13	88	94
5	90	96
19	98	118
8	91	97
27	93	99
40	96	102
25	99	105
11	102	108
41	105	121
22	105	115
12	105	111
6	121	128
24	105	111
29	106	112
33	111	117
5	108	115
4	113	119
20	113	121
35	112	123
11	118	124
0	121	127
22	121	127
40	125	131
7	128	134
4	128	134
23	128	134
8	131	137
9	165	173
2	130	136
33	133	139
38	136	142
3	136	142
39	138	144
29	139	145
8	148	154
16	151	157
4	151	157
30	162	168
41	169	187
25	171	177
21	173	179
35	183	189
24	175	181
14	179	185
28	180	186
9	331	356
16	182	188
8	207	213
7	190	196
37	191	197
11	191	197
10	194	200
34	302	345
5	196	202
24	196	202
17	198	204
9	199	205
36	202	208
3	202	214
38	202	208
6	202	208
5	215	222
29	212	218
39	203	216
2	207	213
15	219	232
18	256	272
37	215	223
4	215	221
1	217	223
19	217	223
36	221	230
3	219	225
10	219	225
31	230	236
12	307	351
17	222	228
39	223	230
11	225	231
28	224	230
7	226	232
31	271	277
35	230	236
12	230	236
29	231	237
34	239	249
25	232	246
1	234	240
8	235	241
31	246	252
16	239	245
3	242	248
21	241	252
15	243	249
4	245	251
20	246	252
17	245	273
9	245	251
37	247	275
26	248	254
5	247	259
30	249	255
24	250	256
14	307	367
8	255	268
1	255	263
3	257	263
19	257	266
7	257	277
29	257	263
27	259	265
13	259	265
24	261	287
25	261	278
23	262	268
39	262	268
38	264	270
2	263	269
20	263	296
0	266	272
6	331	344
36	275	281
10	272	278
16	271	282
30	273	286
21	274	287
2	276	282
6	276	282
1	275	281
11	276	282
7	283	291
32	278	284
17	278	284
39	279	296
15	278	322
28	278	287
23	282	288
12	282	288
41	281	287
30	297	340
25	286	292
9	293	299
19	285	310
2	292	316
37	290	306
3	292	301
11	291	297
8	293	299
40	296	308
29	297	308
13	302	364
26	298	307
18	303	309
33	306	314
38	299	321
4	299	313
0	299	305
16	302	355
25	307	315
11	305	311
9	308	323
28	308	317
6	307	318
31	310	325
17	310	316
7	310	351
27	310	324
23	309	315
22	309	329
37	311	317
3	318	333
36	312	352
0	317	323
40	313	329
35	318	324
26	326	349
32	314	357
18	314	333
5	325	346
20	318	338
11	319	346
24	319	342
4	321	340
33	320	337
2	323	329
19	323	339
8	323	340
28	324	330
37	324	344
21	323	344
17	324	347
29	324	340
38	328	339
10	325	331
41	325	348
31	351	366
27	329	351
35	331	340
15	332	349
23	333	349
30	345	351
0	338	363
40	337	358
22	336	342
10	338	347
39	338	355
3	339	371
28	341	372
2	340	346
20	344	356
25	344	351
1	344	350
4	350	356
2	351	357
6	351	358
29	351	357
34	351	357
10	354	360
35	351	357
5	354	360
21	356	362
17	361	369
23	356	362
18	358	364
37	357	363
36	359	365
15	361	380
25	361	373
40	367	382
33	364	370
2	364	370
0	372	384
7	365	371
32	366	372
12	366	376
5	368	374
21	369	375
29	370	376
37	371	393
22	370	376
24	372	378
8	375	381
10	374	380
33	375	381
36	374	380
41	375	390
2	376	382
18	377	390
13	377	383
16	380	386
7	382	388
19	381	387
30	381	392
12	392	398
15	387	400
21	387	393
26	387	401
20	390	396
39	389	395
5	391	397
32	394	405
14	396	412
7	400	415
28	399	411
4	402	408
36	403	409
12	403	409
1	403	409
40	404	410
0	406	412
1	414	423
13	411	417
11	417	424
16	414	420
40	415	421
33	415	421
15	419	425
30	420	437
23	423	429
13	424	430
0	426	442
32	428	434
35	429	435
22	431	437
38	437	443
1	431	440
8	433	439
28	433	439
33	433	439
24	435	441
7	436	442
40	437	443
23	438	444
32	480	486
34	438	444
14	439	445
5	440	446
19	444	450
36	444	450
25	444	450
41	445	451
28	445	451
40	450	456
15	450	456
34	451	468
6	450	456
0	452	458
2	453	459
8	479	486
17	509	527
1	455	461
21	456	462
4	456	462
6	461	467
0	463	469
22	464	476
40	465	471
10	466	472
11	465	471
32	468	474
19	468	474
27	467	473
16	468	474
30	470	476
36	471	477
28	472	478
26	479	485
23	484	502
18	482	488
34	483	489
10	491	497
30	486	492
28	488	494
9	490	515
19	492	498
6	495	501
31	495	501
8	495	514
20	498	504
22	498	504
26	499	505
24	499	505
4	499	508
26	541	547
14	500	506
19	503	509
32	506	512
40	507	513
22	509	527
28	508	514
10	509	515
41	510	516
34	519	525
4	514	529
9	527	533
14	515	528
21	516	522
33	516	522
32	517	527
27	516	538
7	523	529
40	518	524
31	519	525
28	520	526
23	524	530
15	523	529
10	523	529
29	526	532
8	528	534
25	527	533
21	530	542
16	530	544
12	530	547
41	532	538
37	531	537
32	532	538
11	533	539
1	534	540
15	535	541
6	535	550
2	536	542
8	567	574
39	538	544
7	537	555
33	538	544
8	540	546
25	542	548
10	542	548
4	544	550
32	545	551
38	545	551
21	547	553
30	545	551
18	547	553
15	548	558
28	549	555
22	548	563
24	550	562
41	552	558
14	553	559
17	551	557
5	551	564
3	552	558
12	555	567
2	554	562
16	557	563
6	556	578
37	559	565
34	590	601
29	562	568
30	562	568
15	564	583
16	569	575
17	562	571
40	564	570
25	565	577
22	576	582
4	568	574
32	570	576
0	571	577
2	570	576
3	571	577
30	574	580
27	575	581
13	603	614
29	579	585
17	578	596
4	579	585
12	581	593
28	580	586
1	582	606
24	582	588
11	585	591
32	585	591
7	588	600
22	591	597
10	592	598
38	592	598
20	595	601
3	607	615
30	594	600
8	599	605
6	596	602
33	597	603
15	597	603
2	606	612
35	599	605
19	599	614
0	599	605
27	601	607
4	608	614
12	601	607
28	601	607
9	606	612
14	604	610
11	605	611
40	606	612
22	606	612
10	606	612
20	608	614
31	607	613
15	609	615