7	29	75
4	32	83
19	31	96
11	34	46
34	29	47
13	30	77
32	30	86
24	27	82
27	32	56
10	32	54
2	28	54
14	30	60
23	33	58
12	32	72
18	35	75
9	28	63
16	34	77
26	34	65
41	35	50
40	36	73
37	38	48
15	36	46
30	37	48
1	37	48
3	43	54
5	41	96
35	43	64
22	42	55
34	48	70
8	52	69
11	51	76
2	56	90
17	53	74
21	62	81
1	59	77
10	59	69
29	48	109
30	61	75
23	64	108
38	57	78
35	76	95
34	76	87
6	72	88
12	78	88
9	77	106
25	79	95
26	74	93
15	82	93
31	83	93
28	81	106
34	88	118
27	88	99
14	87	106
3	93	106
41	97	120
24	91	105
35	100	110
2	91	128
1	108	122
40	110	129
30	98	116
32	107	121
37	113	132
6	117	136
18	122	146
28	127	139
14	127	144
9	137	159
0	140	150
18	23	33
20	35	45
36	44	54
25	50	61
6	51	61
39	53	63
37	55	65
33	68	78
31	68	78
0	75	85
33	79	89
38	79	89
28	107	121
21	82	92
11	90	101
33	92	103
0	94	104
5	97	107
8	98	108
19	101	111
28	140	160
26	110	120
23	114	124
15	114	124
10	115	125
36	118	137
7	135	145
38	119	129
12	121	131
17	123	133
8	123	133
22	126	136
15	127	143
29	127	137
16	129	139
8	134	144
37	135	145
19	135	145
21	135	145
32	135	145
26	140	153
12	147	157
31	141	151
4	149	161
3	144	154
14	150	164
27	150	162
0	152	162
16	153	163
36	155	165
15	158	168
38	158	168
16	206	219
3	162	172
33	164	174
34	164	174
25	168	178
7	170	180
6	171	181
35	189	200
1	172	182
29	175	185
13	175	185
18	175	185
41	180	190
39	184	197
3	185	201
21	185	195
2	192	202
15	193	203
40	197	207
20	198	208
10	196	206
17	200	210
26	199	209
0	199	210
12	227	237
21	203	218
27	204	214
13	203	213
30	205	223
4	205	215
1	208	218
11	209	219
40	215	225
27	215	225
0	216	226
10	218	228
6	221	231
41	219	237
22	221	247
25	221	231
21	226	236
19	228	238
7	227	237
2	229	239
31	228	238
26	228	238
30	230	240
10	231	241
6	236	246
5	232	242
35	232	242
1	236	246
16	310	343
25	248	273
27	240	250
33	239	249
4	239	249
38	243	253
21	245	255
39	246	256
24	246	264
26	246	256
9	250	260
8	253	264
4	252	262
14	348	365
37	256	295
2	258	277
18	260	279
21	262	293
40	261	271
32	262	272
38	263	273
22	263	273
10	263	273
26	265	278
4	265	275
35	264	281
30	267	277
9	322	369
13	266	276
25	311	346
24	266	276
34	273	289
8	268	289
31	271	281
20	271	281
33	271	281
36	272	303
5	271	281
29	280	290
29	300	329
23	274	284
17	274	284
39	277	287
16	276	286
38	277	295
32	279	289
11	279	289
27	281	291
22	281	291
22	295	332
36	306	327
19	285	295
7	285	326
15	289	299
6	289	299
40	284	294
20	288	300
30	288	298
18	290	310
41	290	304
8	291	310
3	292	302
5	300	310
26	293	303
1	294	304
28	294	304
27	296	315
10	297	307
1	308	360
32	298	321
2	299	309
21	299	309
33	298	321
37	299	314
14	300	310
29	332	365
6	307	343
23	303	313
12	303	314
39	305	324
3	305	352
28	307	317
35	307	324
0	309	331
17	309	321
34	309	320
15	308	329
23	315	359
4	310	342
9	311	321
28	322	334
24	311	321
40	314	336
11	312	325
18	313	326
30	315	361
10	315	331
2	315	332
31	316	352
19	316	326
26	318	360
21	318	341
33	341	359
20	321	331
14	320	347
34	326	342
13	322	350
27	321	344
37	322	332
12	325	340
17	325	352
8	325	349
19	332	352
36	334	361
41	328	357
35	328	342
7	328	349
5	330	365
24	331	341
0	334	354
15	332	357
39	332	357
40	343	377
20	332	361
2	334	344
10	340	358
18	334	349
37	336	346
28	338	351
24	342	363
38	338	348
32	341	351
11	342	369
21	344	361
2	345	355
22	345	355
34	346	356
4	348	358
16	349	359
25	350	378
37	350	366
2	356	370
6	352	362
5	369	381
27	355	365
35	357	369
19	356	380
32	358	368
13	360	374
12	358	378
7	359	375
4	359	377
31	360	370
27	366	378
16	362	372
10	372	382
22	365	375
24	366	381
36	367	381
15	367	377
34	367	380
20	373	383
8	370	380
9	370	380
23	374	388
40	386	396
17	372	382
2	376	396
21	375	385
16	379	389
30	380	390
22	379	389
0	380	394
11	381	391
36	382	392
38	383	393
3	385	395
8	393	405
16	397	412
26	392	402
27	391	401
13	394	404
0	395	405
38	397	407
10	398	408
15	398	408
6	400	410
2	401	418
32	401	411
7	402	412
11	409	419
23	408	418
25	408	418
8	415	425
22	413	427
13	415	425
6	415	425
0	415	425
1	414	424
41	417	427
20	422	432
33	421	431
17	425	435
5	427	437
0	427	437
11	429	439
9	430	440
24	431	441
15	431	441
38	432	442
28	435	445
20	436	446
6	436	449
37	437	447
27	438	448
21	443	453
41	478	491
31	445	455
23	446	456
20	447	457
26	447	457
32	447	457
19	451	461
27	452	462
24	479	489
18	454	464
15	456	466
24	456	466
30	460	473
11	458	468
36	597	611
4	461	480
35	463	473
14	465	475
12	464	474
29	464	474
16	468	478
38	468	489
31	471	481
11	470	480
28	470	480
10	479	490
9	472	482
17	474	488
7	538	551
32	476	486
19	481	491
21	484	494
26	485	495
28	485	495
2	488	503
14	490	500
25	502	521
12	493	503
37	492	502
29	492	502
27	496	506
5	498	508
20	499	509
13	507	517
12	504	514
24	505	534
3	505	515
40	506	520
16	506	516
26	509	519
27	510	520
21	509	519
7	510	524
18	511	521
13	522	540
20	514	524
35	513	523
39	515	525
23	515	525
37	515	525
33	516	526
34	515	525
29	517	531
32	518	535
5	518	541
1	520	538
16	521	531
4	520	530
21	521	531
12	522	540
18	524	534
7	526	536
0	525	540
33	527	537
17	527	540
37	527	537
3	528	538
38	530	540
30	532	542
14	533	543
34	532	542
22	533	543
6	535	545
9	535	546
27	535	546
24	536	546
13	544	557
28	538	548
16	537	560
8	538	548
15	541	551
5	543	553
41	543	554
1	544	554
35	546	566
18	546	556
29	546	564
36	545	555
2	546	556
38	548	558
11	548	558
26	549	569
24	550	574
27	551	561
31	559	570
37	553	570
19	556	571
7	555	575
13	563	573
33	557	574
4	556	577
14	558	568
41	559	576
11	560	570
12	560	570
38	560	570
32	560	570
5	562	582
40	566	576
15	565	575
39	567	577
28	567	577
17	568	578
28	591	605
30	569	579
2	570	588
27	570	580
12	572	582
3	571	581
35	573	592
1	573	583
18	576	586
8	578	588
32	603	616
40	579	595
25	580	590
16	583	618
30	583	593
36	582	592
0	583	593
17	585	604
34	586	601
24	587	601
13	588	598
29	589	599
39	589	618
37	592	602
38	593	603
1	594	604
12	598	615
2	597	615
21	603	615
6	598	608
35	597	607
20	599	609
40	599	615
3	600	618
5	601	611
23	600	610
30	601	611
7	603	613
27	602	617
18	602	612
19	602	617
25	604	614
9	606	616
41	606	616
4	609	619
35	609	619
11	608	618