29	50	84
18	48	56
9	27	35
20	54	62
30	25	33
23	26	36
6	26	45
25	28	44
7	29	39
10	29	37
15	29	37
36	33	50
2	55	64
27	36	44
29	31	46
5	35	43
3	33	41
1	33	41
28	34	43
35	35	78
19	47	79
16	36	54
26	40	59
8	37	57
14	38	80
11	39	49
2	41	49
34	42	50
10	42	54
30	58	93
15	44	92
21	43	60
4	44	68
12	44	56
7	44	65
27	67	75
24	45	53
37	46	57
25	47	70
1	49	57
17	48	61
23	48	56
39	49	58
38	53	66
9	51	70
31	51	60
34	53	65
11	53	61
22	55	77
41	53	64
28	54	78
36	55	63
5	56	65
3	56	73
13	57	81
18	61	69
32	99	107
21	64	72
23	64	72
10	68	79
34	70	78
32	70	85
24	70	95
16	70	89
38	70	78
36	73	81
7	73	83
25	73	89
41	72	82
31	74	83
23	75	83
39	78	86
8	79	87
13	86	111
12	80	88
33	86	94
5	80	95
3	79	87
2	80	95
17	82	90
20	83	91
14	85	113
34	88	96
32	88	96
21	90	98
0	91	107
40	93	107
6	93	101
8	93	101
4	94	102
28	93	102
12	95	103
25	97	105
26	130	145
18	98	106
9	98	106
7	99	107
37	99	107
35	100	110
10	100	108
22	107	115
12	106	114
33	107	115
28	107	115
15	108	116
30	202	210
18	110	118
11	111	130
19	112	120
40	119	127
25	151	179
9	116	124
37	116	124
3	115	123
23	117	129
8	117	125
20	116	124
35	118	142
39	120	129
6	121	138
27	121	129
22	121	129
41	122	140
18	122	144
5	122	130
34	123	131
1	122	130
29	123	131
32	125	133
21	126	135
31	127	135
7	127	144
24	129	137
37	134	142
16	134	142
0	136	149
13	138	146
28	138	146
20	158	181
1	142	150
23	142	150
9	142	150
31	143	151
33	143	151
27	168	179
12	143	151
38	146	154
24	148	156
21	149	158
11	148	156
41	149	157
5	149	157
26	158	168
3	151	159
32	152	160
13	153	161
23	153	167
16	154	162
35	159	167
19	160	168
18	168	179
34	162	170
4	162	170
21	163	171
17	165	173
28	167	177
12	167	175
37	168	176
2	169	177
11	170	178
7	171	179
33	177	185
21	174	182
16	173	181
3	174	182
9	177	185
0	299	349
31	179	203
10	178	186
1	178	186
23	181	189
2	180	190
18	189	207
22	185	193
40	186	201
8	186	194
14	185	193
19	187	195
6	187	195
1	190	198
27	189	197
5	190	199
21	190	198
39	192	200
37	194	202
11	192	203
25	193	204
15	195	203
16	197	205
1	202	215
33	198	206
22	199	207
34	203	211
9	201	209
12	213	222
27	202	210
13	203	213
23	208	220
10	208	216
39	216	235
36	210	218
38	210	218
6	212	220
33	216	227
9	212	220
32	213	221
25	214	222
8	216	224
34	219	228
40	217	232
27	217	225
20	218	226
15	226	235
3	220	231
23	227	237
32	224	237
6	228	238
13	237	247
29	228	236
16	231	245
14	229	245
27	232	281
4	238	247
20	231	248
5	234	242
7	234	244
31	234	242
26	274	295
4	259	269
3	236	246
22	236	244
30	236	244
15	238	246
41	239	263
31	246	254
10	242	258
18	242	251
29	246	254
11	244	272
2	244	252
21	251	266
1	247	272
7	277	329
32	247	255
12	247	255
26	249	267
3	250	258
23	250	270
17	250	258
28	250	271
13	250	258
35	249	259
40	253	283
8	252	277
38	253	262
39	254	262
0	254	262
31	257	384
22	272	295
25	261	281
32	270	290
7	257	265
15	256	274
32	258	266
2	257	265
5	258	266
18	260	272
40	310	351
14	291	354
33	264	272
17	306	370
10	267	275
1	275	289
14	267	275
16	268	276
29	267	275
5	269	277
41	269	277
12	269	277
0	272	280
36	274	369
23	273	281
13	275	284
17	275	293
38	277	288
34	308	359
11	276	286
30	277	355
15	278	286
16	279	287
33	279	287
12	280	288
4	280	288
14	279	287
35	281	292
18	281	291
20	280	294
10	281	289
39	282	363
0	283	291
27	289	297
24	283	291
5	283	291
6	284	307
15	289	371
3	286	294
33	314	369
3	299	353
2	287	297
40	287	298
34	287	295
41	310	358
33	291	299
13	291	299
29	291	299
23	291	332
19	293	322
21	293	301
37	293	346
16	292	300
25	292	374
4	294	371
8	294	304
11	296	306
1	296	304
10	297	305
28	297	352
35	301	356
16	329	353
22	304	318
12	302	319
29	302	335
2	302	310
5	304	328
9	305	358
16	306	323
27	307	328
6	311	346
24	318	353
38	307	369
1	307	384
20	310	381
10	310	368
2	314	352
26	311	319
8	311	321
21	312	385
13	312	359
18	313	352
7	333	358
32	317	331
22	322	346
8	327	335
11	323	378
12	325	339
26	328	342
27	331	339
19	331	343
23	476	487
29	342	366
5	332	346
8	338	351
36	398	408
23	341	352
32	366	374
12	342	373
27	343	373
32	345	359
34	375	396
26	345	375
22	349	384
5	350	358
3	356	368
6	355	365
0	357	387
40	354	380
8	355	367
16	357	370
14	357	365
2	357	366
18	356	380
28	356	364
19	366	374
37	360	376
24	360	374
35	359	371
9	361	377
30	365	381
13	365	403
23	364	372
39	366	374
22	441	456
38	375	392
41	373	381
2	370	387
14	370	378
5	375	383
7	374	387
29	375	383
11	422	450
33	376	384
4	376	391
23	379	394
26	379	390
15	380	388
10	380	396
3	380	388
12	382	397
35	383	391
14	387	395
25	384	394
20	385	398
32	386	394
41	391	404
37	386	394
21	388	403
39	389	403
11	389	405
5	388	400
24	391	417
28	391	415
7	475	492
19	392	400
40	391	399
23	438	454
2	395	403
27	396	407
35	398	419
1	397	414
31	402	410
29	400	408
38	402	410
18	402	410
9	403	427
17	404	412
14	440	460
22	407	417
13	406	417
2	408	416
10	408	416
23	409	417
30	408	417
7	409	424
18	413	427
21	413	421
0	414	428
39	414	422
32	414	422
1	422	433
38	417	443
20	418	440
3	418	432
5	419	435
27	421	429
25	422	439
37	428	445
28	435	443
6	423	432
41	423	431
10	424	445
14	424	432
28	424	432
21	424	432
36	425	437
19	427	440
22	430	438
33	429	437
8	431	461
24	433	446
16	432	440
18	433	449
28	480	488
39	436	444
34	436	457
41	437	446
2	437	456
27	438	446
31	442	450
13	442	452
1	444	452
16	444	467
9	445	453
40	446	454
4	447	455
12	448	456
7	449	457
15	448	465
36	450	458
6	452	460
38	456	466
37	452	460
30	452	460
21	454	472
13	455	463
31	456	464
11	456	464
7	461	469
17	462	470
2	467	476
12	461	469
40	463	471
27	464	472
20	463	471
4	464	479
8	466	474
6	465	483
23	465	473
1	466	474
35	467	475
19	468	476
38	470	479
15	469	477
34	471	479
18	473	483
25	473	481
10	473	481
14	474	482
29	474	482
36	475	483
17	477	485
27	484	492
26	476	484
16	477	485
24	477	485
0	479	487
1	480	488
22	487	496
9	483	496
12	484	492
31	485	496
38	509	531
30	487	505
11	488	496
8	489	497
39	499	507
29	493	501
25	494	502
17	495	503
6	495	503
35	494	504
41	542	565
7	496	511
32	499	514
9	549	564
37	497	505
4	497	505
15	496	504
13	501	518
40	498	506
41	498	506
9	501	509
23	501	509
5	503	524
11	504	527
1	503	526
25	505	513
19	506	514
26	507	523
17	508	526
18	507	530
2	508	533
22	508	516
21	509	519
30	511	539
39	510	537
12	510	520
24	512	520
34	512	551
36	516	531
10	514	522
29	515	523
37	515	531
11	531	557
20	517	544
8	516	524
41	521	529
27	520	551
31	522	535
4	522	530
7	521	553
33	533	555
12	523	531
16	523	540
28	524	537
40	526	534
35	527	535
22	527	578
15	528	553
25	532	554
5	529	540
32	529	537
13	530	538
10	530	549
26	533	541
38	534	542
0	535	550
19	535	550
36	536	544
29	536	565
21	537	548
1	538	552
40	538	546
4	539	547
14	538	546
35	539	547
18	541	553
17	541	585
8	542	550
12	541	563
32	546	554
2	548	580
38	548	562
28	549	569
14	590	598
39	548	556
31	550	558
30	553	568
4	550	565
15	560	570
10	552	560
35	554	562
23	555	576
8	556	570
5	557	565
1	558	566
3	558	566
21	557	574
13	559	574
6	560	586
24	560	568
7	562	570
36	562	570
40	562	570
33	561	573
10	564	572
37	567	587
14	564	572
31	563	579
34	566	583
18	573	584
27	566	574
12	568	576
15	597	615
25	569	577
0	573	584
1	573	584
32	571	602
24	572	580
20	572	612
4	572	584
15	574	587
39	575	597
11	577	612
26	577	585
7	579	587
29	579	596
41	580	588
3	580	588
9	580	606
23	581	594
8	579	587
35	582	597
40	584	592
6	592	614
38	583	599
22	584	592
16	585	611
2	586	594
10	587	596
19	587	595
18	588	596
13	589	597
33	592	606
5	590	598
30	592	605
31	593	602
26	595	603
37	593	612
1	594	602
35	602	617
3	595	605
0	597	615
12	596	609
7	597	616
22	600	615
29	600	608
27	600	614
4	601	609
17	601	615
21	601	615
10	603	612
41	608	616
8	605	613
32	606	614
26	607	615
39	607	615
13	609	617