31	50	80
23	41	62
9	26	59
33	23	35
3	25	69
0	27	39
4	29	41
31	30	42
28	31	43
21	31	43
14	31	43
2	31	49
41	39	67
20	32	44
17	33	58
13	34	46
35	33	64
7	35	47
26	37	58
11	38	56
8	38	66
4	48	65
36	51	64
40	40	67
32	41	71
15	41	53
22	41	94
0	41	73
1	42	56
30	46	58
12	43	55
38	43	65
18	44	72
29	44	81
16	61	91
21	46	58
5	47	60
39	50	62
27	51	63
13	52	65
7	52	65
20	53	65
25	53	83
11	57	85
6	57	69
15	58	70
26	58	70
17	59	71
7	68	84
4	64	76
1	65	78
40	66	87
33	65	77
19	66	78
37	68	96
20	69	81
41	69	88
13	69	81
3	70	82
24	69	81
8	72	86
38	72	84
10	72	88
12	74	86
15	71	98
34	72	84
39	73	95
6	82	100
17	76	90
1	77	103
14	77	98
36	78	90
26	79	108
7	85	97
35	81	93
24	81	93
19	81	99
35	95	114
20	84	97
30	95	112
12	87	101
31	85	97
38	85	115
29	87	101
23	88	100
41	89	102
21	125	141
32	92	106
2	91	103
4	92	104
17	92	104
28	99	112
8	93	105
25	95	114
16	95	116
27	97	109
20	97	109
40	96	118
19	98	110
11	98	112
7	99	111
29	100	112
37	100	112
13	131	147
23	102	114
5	103	117
20	110	123
24	102	118
34	103	115
15	105	117
2	106	118
32	108	120
10	108	120
29	111	126
3	110	122
30	111	127
33	112	124
12	112	124
39	114	126
8	112	132
19	114	126
35	115	137
18	116	137
38	116	128
40	117	129
2	118	134
41	126	147
27	118	132
0	119	131
7	119	131
9	120	132
36	122	136
26	127	139
11	125	137
29	309	356
15	128	146
33	131	143
32	131	143
14	131	143
25	132	144
7	133	145
20	134	146
40	133	145
31	136	148
12	135	147
34	136	153
11	140	152
8	140	155
5	143	157
36	143	155
21	144	164
39	144	156
6	147	159
14	148	160
0	148	160
17	148	170
10	151	163
31	151	169
19	151	163
30	151	168
7	152	164
3	154	166
25	183	197
41	153	165
36	161	173
18	168	183
8	156	168
15	156	168
9	158	178
20	158	170
26	158	170
23	160	172
5	161	173
11	161	173
29	162	174
1	166	178
40	175	190
38	166	178
4	170	183
15	168	180
12	169	181
39	170	185
33	176	189
2	170	182
20	170	182
34	172	184
36	172	189
0	173	185
35	179	194
29	174	192
3	175	187
10	176	188
17	182	203
41	182	207
37	187	199
28	182	194
38	184	196
27	183	200
12	187	206
36	193	205
20	187	199
24	188	211
33	188	200
6	189	201
29	191	203
26	192	207
22	190	209
34	199	220
21	192	204
16	193	205
1	192	204
11	194	206
0	194	206
36	216	228
2	195	212
9	200	212
13	200	225
28	203	215
12	207	219
40	205	217
8	209	223
27	206	218
25	256	280
17	207	219
0	208	220
41	209	227
39	214	226
32	210	222
1	212	229
3	212	230
7	211	223
4	213	233
5	219	240
38	219	231
27	219	241
0	221	233
19	221	233
34	222	234
37	223	237
7	224	243
33	225	245
22	247	270
22	227	239
40	229	241
38	230	243
14	230	242
24	232	244
26	256	268
19	233	246
39	234	246
23	234	246
15	235	257
10	234	246
29	236	280
8	236	248
37	237	250
0	236	253
12	236	257
22	303	370
2	237	249
13	237	249
18	243	261
17	244	264
1	240	252
7	242	264
32	250	263
20	243	255
38	243	255
35	244	273
27	243	262
3	247	259
11	246	267
33	246	294
39	290	365
23	253	309
9	247	259
14	248	266
4	248	260
40	249	261
34	249	265
28	254	266
9	328	375
2	252	268
13	254	281
1	252	264
24	264	293
20	255	272
1	265	277
21	256	268
41	263	314
31	258	270
36	259	289
30	258	276
27	295	353
4	275	300
39	264	283
34	264	279
38	263	275
15	263	276
4	263	275
16	267	279
26	281	293
40	272	289
38	310	341
11	267	279
31	269	298
22	270	304
27	269	291
6	271	283
2	277	290
17	271	283
18	274	286
28	274	286
32	274	286
12	273	294
7	275	297
14	274	286
1	276	289
19	276	288
3	277	289
10	279	291
8	301	363
30	277	295
37	279	291
21	279	297
16	331	355
0	282	324
13	282	294
20	283	368
30	298	315
21	321	359
28	293	350
29	287	299
19	289	354
37	293	308
18	291	314
35	291	326
10	292	368
6	309	330
4	300	357
32	296	309
31	297	364
26	296	363
34	296	308
18	324	349
2	297	371
13	298	325
35	328	369
38	298	310
16	298	330
33	301	378
17	300	379
5	301	313
15	301	331
24	302	391
40	302	389
11	309	357
21	304	316
36	304	344
12	305	325
25	306	319
30	316	358
14	309	332
3	309	366
5	315	355
23	309	369
7	312	348
9	311	323
1	313	347
34	313	383
41	315	366
37	319	340
32	317	382
13	327	358
37	403	420
0	324	340
12	326	356
6	330	350
36	343	363
15	333	362
14	334	369
25	334	350
7	353	391
37	341	354
0	344	398
38	345	390
9	374	386
1	348	372
36	364	388
25	350	379
28	353	391
6	352	364
29	358	382
18	353	370
19	353	373
27	355	367
5	354	379
37	356	390
12	356	384
30	358	374
13	358	381
15	363	380
21	360	372
17	378	405
16	364	376
6	370	382
8	368	380
20	368	380
22	369	388
26	370	391
14	371	401
3	372	388
41	372	393
23	372	388
21	371	394
18	374	386
35	374	386
30	382	394
8	379	391
34	388	400
10	383	401
19	382	394
31	383	395
1	384	396
25	384	396
11	385	407
9	386	398
27	386	398
39	387	399
23	390	402
4	390	402
3	391	403
30	393	407
21	395	407
5	397	409
9	397	419
15	397	409
16	398	410
7	397	409
38	400	415
2	399	414
25	401	413
10	402	414
6	404	416
11	406	418
13	405	417
40	409	422
16	409	426
32	408	420
34	410	425
8	411	423
41	411	423
24	411	423
23	413	425
15	415	427
2	415	437
30	415	436
1	416	428
31	416	428
5	416	436
25	419	434
19	420	432
16	425	441
0	420	432
18	420	432
4	422	434
29	422	434
33	427	442
36	424	436
8	425	442
15	427	439
10	426	438
37	426	443
20	429	441
14	429	445
3	429	449
7	438	463
18	432	444
27	432	450
39	431	443
1	434	452
26	435	447
30	436	448
22	436	448
40	436	448
32	439	451
6	440	452
4	440	456
29	440	456
34	440	454
9	441	453
17	443	457
37	444	466
2	445	457
36	445	457
12	444	456
5	454	468
15	446	477
25	447	459
31	448	460
11	447	459
14	448	460
10	451	488
22	450	462
32	450	462
39	452	464
38	452	464
28	456	468
26	456	468
29	459	478
41	459	471
27	465	479
31	459	471
11	461	473
40	461	473
2	463	475
1	464	476
8	464	483
24	464	484
3	465	477
32	466	478
14	466	478
17	467	489
34	468	480
20	468	480
33	470	494
26	472	488
4	472	484
30	475	487
22	475	487
13	477	489
38	478	491
15	602	618
37	479	491
32	483	495
18	486	499
1	486	508
8	486	508
40	487	502
15	487	499
31	487	499
0	516	540
14	491	503
17	491	503
0	491	503
27	492	504
38	497	510
23	494	506
20	498	517
32	494	510
2	496	508
16	497	509
15	504	548
20	543	560
21	499	511
41	499	511
3	503	515
31	505	517
33	508	541
22	506	529
11	505	517
24	507	534
7	518	531
8	508	520
19	507	527
34	509	521
35	508	526
36	510	522
6	511	523
41	510	539
4	512	524
12	512	529
13	512	524
25	514	526
23	514	534
16	513	536
5	514	526
28	515	527
1	515	531
17	516	535
11	517	533
27	518	537
31	561	578
20	519	535
38	521	540
2	557	579
26	522	549
39	521	542
18	543	574
30	523	535
34	525	537
29	524	536
21	526	538
40	526	554
37	525	549
14	528	551
19	528	540
7	530	559
25	529	554
28	529	556
2	530	553
10	530	543
8	530	561
35	530	542
11	532	547
6	535	554
24	553	585
27	537	570
17	537	549
23	537	549
36	539	555
21	539	551
31	544	558
19	542	555
1	538	567
9	542	569
24	541	553
22	543	555
41	544	563
32	543	555
3	545	557
39	547	577
41	567	592
26	548	567
10	548	560
12	548	565
14	551	566
38	550	562
37	551	571
5	551	577
29	552	564
4	552	566
13	555	567
15	557	587
28	557	575
22	557	569
16	558	570
30	587	607
29	564	576
21	560	572
19	559	572
25	562	596
17	562	574
1	595	610
38	563	615
7	564	576
30	564	576
6	564	594
12	564	576
11	565	577
0	569	602
14	567	579
40	569	581
34	568	584
3	570	582
22	575	589
32	571	597
33	571	593
4	571	583
16	570	582
1	576	588
21	586	605
23	572	584
8	580	592
26	573	593
2	580	594
18	574	586
28	575	587
10	574	586
19	575	594
9	575	587
41	596	615
37	579	599
36	581	593
31	581	593
27	583	595
22	597	621
11	584	596
4	586	616
36	592	619
16	585	601
12	585	597
13	586	598
40	589	621
28	590	618
17	591	603
29	590	605
7	592	604
8	592	613
24	599	619
35	593	605
33	594	606
14	599	621
39	593	605
31	595	607
11	595	621
34	596	608
23	596	616
27	601	613
25	597	615
9	599	621
20	601	613
18	603	620
19	608	621
5	603	619
2	603	620
13	604	616
7	604	618
37	605	617
30	608	620
6	609	621
16	609	621