29	50	86
18	48	58
9	27	37
20	54	64
30	25	35
23	26	38
6	26	47
25	28	46
7	29	41
10	29	39
15	29	39
36	33	52
2	55	66
27	36	46
29	31	48
5	35	45
3	33	43
1	33	43
28	34	45
35	35	80
19	47	81
16	36	56
26	40	61
8	37	59
14	38	82
11	39	51
2	41	51
34	42	52
10	42	56
30	58	95
15	44	94
21	43	62
4	44	70
12	44	58
7	44	67
27	67	77
24	45	55
37	46	59
25	47	72
1	49	59
17	48	63
23	48	58
39	49	60
38	53	68
9	51	72
31	51	62
34	53	67
11	53	63
22	55	79
41	53	66
28	54	80
36	55	65
5	56	67
3	56	75
13	57	83
18	61	71
32	99	109
21	64	74
23	64	74
10	68	81
34	70	80
32	70	87
24	70	97
16	70	91
38	70	80
36	73	83
7	73	85
25	73	91
41	72	84
31	74	85
23	75	85
39	78	88
8	79	89
13	86	113
12	80	90
33	86	96
5	80	97
3	79	89
2	80	97
17	82	92
20	83	93
14	85	115
34	88	98
32	88	98
21	90	100
0	91	109
40	93	109
6	93	103
8	93	103
4	94	104
28	93	104
12	95	105
25	97	107
26	130	147
18	98	108
9	98	108
7	99	109
37	99	109
35	100	112
10	100	110
22	107	117
12	106	116
33	107	117
28	107	117
15	108	118
30	202	212
18	110	120
11	111	132
19	112	122
40	119	129
25	151	181
9	116	126
37	116	126
3	115	125
23	117	131
8	117	127
20	116	126
35	118	144
39	120	131
6	121	140
27	121	131
22	121	131
41	122	142
18	122	146
5	122	132
34	123	133
1	122	132
29	123	133
32	125	135
21	126	137
31	127	137
7	127	146
24	129	139
37	134	144
16	134	144
0	136	151
13	138	148
28	138	148
20	158	183
1	142	152
23	142	152
9	142	152
31	143	153
33	143	153
27	168	181
12	143	153
38	146	156
24	148	158
21	149	160
11	148	158
41	149	159
5	149	159
26	158	170
3	151	161
32	152	162
13	153	163
23	153	169
16	154	164
35	159	169
19	160	170
18	168	181
34	162	172
4	162	172
21	163	173
17	165	175
28	167	179
12	167	177
37	168	178
2	169	179
11	170	180
7	171	181
33	177	187
21	174	184
16	173	183
3	174	184
9	177	187
0	299	351
31	179	205
10	178	188
1	178	188
23	181	191
2	180	192
18	189	209
22	185	195
40	186	203
8	186	196
14	185	195
19	187	197
6	187	197
1	190	200
27	189	199
5	190	201
21	190	200
39	192	202
37	194	204
11	192	205
25	193	206
15	195	205
16	197	207
1	202	217
33	198	208
22	199	209
34	203	213
9	201	211
12	213	224
27	202	212
13	203	215
23	208	222
10	208	218
39	216	237
36	210	220
38	210	220
6	212	222
33	216	229
9	212	222
32	213	223
25	214	224
8	216	226
34	219	230
40	217	234
27	217	227
20	218	228
15	226	237
3	220	233
23	227	239
32	224	239
6	228	240
13	237	249
29	228	238
16	231	247
14	229	247
27	232	283
4	238	249
20	231	250
5	234	244
7	234	246
31	234	244
26	274	297
4	259	271
3	236	248
22	236	246
30	236	246
15	238	248
41	239	265
31	246	256
10	242	260
18	242	253
29	246	256
11	244	274
2	244	254
21	251	268
1	247	274
7	277	331
32	247	257
12	247	257
26	249	269
3	250	260
23	250	272
17	250	260
28	250	273
13	250	260
35	249	261
40	253	285
8	252	279
38	253	264
39	254	264
0	254	264
31	257	386
22	272	297
25	261	283
32	270	292
7	257	267
15	256	276
32	258	268
2	257	267
5	258	268
18	260	274
40	310	353
14	291	356
33	264	274
17	306	372
10	267	277
1	275	291
14	267	277
16	268	278
29	267	277
5	269	279
41	269	279
12	269	279
0	272	282
36	274	371
23	273	283
13	275	286
17	275	295
38	277	290
34	308	361
11	276	288
30	277	357
15	278	288
16	279	289
33	279	289
12	280	290
4	280	290
14	279	289
35	281	294
18	281	293
20	280	296
10	281	291
39	282	365
0	283	293
27	289	299
24	283	293
5	283	293
6	284	309
15	289	373
3	286	296
33	314	371
3	299	355
2	287	299
40	287	300
34	287	297
41	310	360
33	291	301
13	291	301
29	291	301
23	291	334
19	293	324
21	293	303
37	293	348
16	292	302
25	292	376
4	294	373
8	294	306
11	296	308
1	296	306
10	297	307
28	297	354
35	301	358
16	329	355
22	304	320
12	302	321
29	302	337
2	302	312
5	304	330
9	305	360
16	306	325
27	307	330
6	311	348
24	318	355
38	307	371
1	307	386
20	310	383
10	310	370
2	314	354
26	311	321
8	311	323
21	312	387
13	312	361
18	313	354
7	333	360
32	317	333
22	322	348
8	327	337
11	323	380
12	325	341
26	328	344
27	331	341
19	331	345
23	476	489
29	342	368
5	332	348
8	338	353
36	398	410
23	341	354
32	366	376
12	342	375
27	343	375
32	345	361
34	375	398
26	345	377
22	349	386
5	350	360
3	356	370
6	355	367
0	357	389
40	354	382
8	355	369
16	357	372
14	357	367
2	357	368
18	356	382
28	356	366
19	366	376
37	360	378
24	360	376
35	359	373
9	361	379
30	365	383
13	365	405
23	364	374
39	366	376
22	441	458
38	375	394
41	373	383
2	370	389
14	370	380
5	375	385
7	374	389
29	375	385
11	422	452
33	376	386
4	376	393
23	379	396
26	379	392
15	380	390
10	380	398
3	380	390
12	382	399
35	383	393
14	387	397
25	384	396
20	385	400
32	386	396
41	391	406
37	386	396
21	388	405
39	389	405
11	389	407
5	388	402
24	391	419
28	391	417
7	475	494
19	392	402
40	391	401
23	438	456
2	395	405
27	396	409
35	398	421
1	397	416
31	402	412
29	400	410
38	402	412
18	402	412
9	403	429
17	404	414
14	440	462
22	407	419
13	406	419
2	408	418
10	408	418
23	409	419
30	408	419
7	409	426
18	413	429
21	413	423
0	414	430
39	414	424
32	414	424
1	422	435
38	417	445
20	418	442
3	418	434
5	419	437
27	421	431
25	422	441
37	428	447
28	435	445
6	423	434
41	423	433
10	424	447
14	424	434
28	424	434
21	424	434
36	425	439
19	427	442
22	430	440
33	429	439
8	431	463
24	433	448
16	432	442
18	433	451
28	480	490
39	436	446
34	436	459
41	437	448
2	437	458
27	438	448
31	442	452
13	442	454
1	444	454
16	444	469
9	445	455
40	446	456
4	447	457
12	448	458
7	449	459
15	448	467
36	450	460
6	452	462
38	456	468
37	452	462
30	452	462
21	454	474
13	455	465
31	456	466
11	456	466
7	461	471
17	462	472
2	467	478
12	461	471
40	463	473
27	464	474
20	463	473
4	464	481
8	466	476
6	465	485
23	465	475
1	466	476
35	467	477
19	468	478
38	470	481
15	469	479
34	471	481
18	473	485
25	473	483
10	473	483
14	474	484
29	474	484
36	475	485
17	477	487
27	484	494
26	476	486
16	477	487
24	477	487
0	479	489
1	480	490
22	487	498
9	483	498
12	484	494
31	485	498
38	509	533
30	487	507
11	488	498
8	489	499
39	499	509
29	493	503
25	494	504
17	495	505
6	495	505
35	494	506
41	542	567
7	496	513
32	499	516
9	549	566
37	497	507
4	497	507
15	496	506
13	501	520
40	498	508
41	498	508
9	501	511
23	501	511
5	503	526
11	504	529
1	503	528
25	505	515
19	506	516
26	507	525
17	508	528
18	507	532
2	508	535
22	508	518
21	509	521
30	511	541
39	510	539
12	510	522
24	512	522
34	512	553
36	516	533
10	514	524
29	515	525
37	515	533
11	531	559
20	517	546
8	516	526
41	521	531
27	520	553
31	522	537
4	522	532
7	521	555
33	533	557
12	523	533
16	523	542
28	524	539
40	526	536
35	527	537
22	527	580
15	528	555
25	532	556
5	529	542
32	529	539
13	530	540
10	530	551
26	533	543
38	534	544
0	535	552
19	535	552
36	536	546
29	536	567
21	537	550
1	538	554
40	538	548
4	539	549
14	538	548
35	539	549
18	541	555
17	541	587
8	542	552
12	541	565
32	546	556
2	548	582
38	548	564
28	549	571
14	590	600
39	548	558
31	550	560
30	553	570
4	550	567
15	560	572
10	552	562
35	554	564
23	555	578
8	556	572
5	557	567
1	558	568
3	558	568
21	557	576
13	559	576
6	560	588
24	560	570
7	562	572
36	562	572
40	562	572
33	561	575
10	564	574
37	567	589
14	564	574
31	563	581
34	566	585
18	573	586
27	566	576
12	568	578
15	597	617
25	569	579
0	573	586
1	573	586
32	571	604
24	572	582
20	572	614
4	572	586
15	574	589
39	575	599
11	577	614
26	577	587
7	579	589
29	579	598
41	580	590
3	580	590
9	580	608
23	581	596
8	579	589
35	582	599
40	584	594
6	592	616
38	583	601
22	584	594
16	585	613
2	586	596
10	587	598
19	587	597
18	588	598
13	589	599
33	592	608
5	590	600
30	592	607
31	593	604
26	595	605
37	593	614
1	594	604
35	602	619
3	595	607
0	597	617
12	596	611
7	597	618
22	600	617
29	600	610
27	600	616
4	601	611
17	601	617
21	601	617
10	603	614
41	608	618
8	605	615
32	606	616
26	607	617
39	607	617
13	609	619