12	34	56
6	22	28
0	27	43
37	29	38
38	42	62
8	29	43
13	30	40
31	30	36
14	30	36
16	31	37
1	32	38
24	33	39
36	33	39
7	35	55
18	36	42
35	38	47
21	40	50
20	39	45
9	50	57
31	41	74
29	42	50
19	42	55
14	43	49
3	43	49
22	43	49
37	44	61
18	63	70
27	44	70
41	44	70
6	45	51
30	45	51
28	46	68
5	48	56
33	48	62
36	49	74
21	65	71
23	49	55
15	49	60
13	51	75
17	52	58
1	51	57
26	52	72
8	53	59
11	54	60
35	55	61
20	55	63
14	57	63
2	57	82
39	57	63
17	67	76
32	57	64
29	59	81
6	59	67
16	60	66
3	61	67
4	63	69
10	66	76
35	67	73
9	66	73
15	68	74
40	67	73
37	70	76
1	70	76
14	72	78
12	71	77
11	72	79
24	74	80
3	74	82
28	75	81
25	75	86
30	77	83
21	78	99
27	77	91
39	77	88
22	78	84
41	79	85
23	80	86
35	81	92
31	81	89
26	81	87
40	81	92
12	82	97
13	82	88
20	85	92
6	85	96
0	85	92
29	87	93
11	89	95
2	89	95
28	89	104
36	136	142
41	91	97
14	91	97
1	93	99
33	92	98
9	95	101
19	95	101
38	96	106
10	97	103
15	96	102
35	98	104
20	99	109
30	99	108
27	98	104
39	99	105
36	110	129
17	101	126
40	101	107
4	102	108
14	102	108
11	104	110
29	108	114
16	105	119
31	103	109
23	105	120
0	106	112
9	108	114
19	108	114
26	111	118
7	111	117
15	111	117
1	112	131
9	123	139
33	114	138
35	114	120
6	115	121
20	115	125
14	116	122
2	116	129
8	118	124
0	117	123
40	119	125
32	119	125
38	126	134
18	123	131
27	121	127
14	173	180
10	123	138
21	123	129
39	123	139
3	124	130
19	125	131
11	126	132
29	126	141
23	129	135
34	128	134
30	131	137
12	131	137
5	130	136
22	131	137
0	133	139
37	132	138
32	134	140
28	133	139
20	143	152
21	139	148
8	136	142
22	142	149
13	137	143
40	138	144
31	139	145
7	141	147
18	142	149
35	143	149
25	144	150
11	149	155
16	146	152
12	147	153
41	147	170
4	147	153
32	148	154
10	149	172
30	149	155
40	150	156
8	150	156
0	151	171
26	150	156
24	151	167
19	151	157
13	160	166
17	155	161
29	156	162
39	158	164
19	169	188
1	161	167
27	162	177
22	164	170
7	165	171
12	165	171
21	166	172
25	172	186
28	174	180
9	170	176
18	173	183
36	174	187
12	177	183
31	185	191
13	181	187
41	180	186
33	181	187
23	180	186
4	180	186
37	183	189
6	183	189
40	184	190
10	186	192
34	187	193
24	186	206
20	189	195
1	189	195
26	190	196
4	192	198
13	192	198
22	193	202
29	194	200
40	195	201
5	195	201
3	201	210
27	196	210
2	197	203
35	198	204
7	200	215
28	199	205
20	202	208
11	202	208
32	205	213
23	207	219
19	211	217
2	210	216
12	211	217
28	212	220
9	211	223
1	213	219
36	215	221
11	215	221
39	215	221
4	215	227
20	220	226
38	221	227
31	223	229
5	222	243
16	223	241
37	225	231
35	225	233
32	227	233
12	227	233
38	236	244
30	229	235
1	228	234
27	230	246
15	230	236
34	231	237
27	255	272
36	232	238
29	232	238
17	233	239
2	236	242
23	237	243
39	237	243
31	240	246
26	240	246
25	240	254
25	259	314
37	240	251
15	245	253
19	244	250
36	243	265
33	244	250
41	246	252
34	246	264
18	246	252
28	248	256
30	247	255
13	255	275
3	254	309
22	250	270
1	250	256
4	249	258
9	250	272
12	253	259
14	252	269
35	253	259
31	254	261
0	255	266
23	255	264
29	254	269
19	256	266
39	258	264
26	256	262
15	258	275
41	259	265
18	260	266
18	286	363
28	269	289
10	261	275
5	263	344
24	261	267
33	263	280
37	263	283
17	265	272
32	306	369
35	266	272
20	266	273
26	271	278
40	268	274
8	267	273
16	271	279
31	269	280
12	271	283
7	310	358
2	272	278
1	273	281
11	286	325
30	273	284
19	307	344
29	277	295
22	276	285
26	283	307
14	277	359
24	277	296
0	277	284
35	279	301
38	295	323
8	281	287
40	280	290
13	282	390
9	281	287
36	284	296
23	284	303
15	289	376
33	285	296
32	286	301
1	286	302
27	285	365
4	285	291
2	288	333
7	289	295
3	314	367
19	290	299
1	310	358
8	292	298
16	293	303
4	299	365
40	295	317
20	300	363
6	306	339
41	295	309
28	295	318
12	296	337
29	305	391
31	303	309
34	302	358
9	297	303
39	297	354
9	310	359
30	301	307
0	301	307
22	301	317
37	303	344
36	306	365
8	306	318
33	306	367
21	308	361
24	309	343
23	309	326
35	311	319
31	314	345
41	317	372
16	315	328
10	314	356
26	319	344
17	316	351
22	323	364
30	325	348
0	319	367
25	321	348
28	323	373
40	324	368
8	324	343
11	331	346
38	328	336
16	344	379
35	328	358
12	347	385
23	331	360
26	351	385
2	338	350
17	364	382
38	346	353
19	349	375
6	350	372
8	353	393
25	355	361
37	355	361
30	356	365
2	357	374
5	358	364
31	358	364
38	361	375
10	365	372
35	363	375
1	363	381
34	365	371
34	436	442
14	368	374
9	367	373
23	368	374
10	407	423
20	371	377
37	371	377
7	372	385
11	372	380
30	374	380
36	374	380
21	375	381
18	535	565
40	375	385
22	382	388
4	383	401
6	378	384
33	380	405
9	378	384
0	381	387
37	385	396
20	382	389
38	382	388
27	381	395
14	384	390
2	384	390
19	387	405
5	389	419
3	389	395
15	392	398
7	391	397
39	392	398
28	393	399
18	394	409
32	393	399
3	402	411
20	395	401
31	396	409
40	396	402
22	397	409
17	399	405
30	400	429
27	404	410
38	400	406
14	409	415
26	403	409
24	405	411
34	407	418
15	406	413
7	406	412
21	408	414
6	409	415
36	410	416
2	409	415
20	442	458
11	413	419
38	413	419
39	414	422
4	416	431
3	418	424
33	419	425
17	419	434
28	419	425
27	419	429
20	422	428
36	422	428
29	423	433
8	424	433
31	427	433
7	431	448
18	426	448
35	425	431
26	426	432
25	428	434
32	426	432
38	428	434
10	428	434
1	427	436
37	428	434
0	430	446
2	432	438
15	431	437
40	430	436
21	431	437
3	435	459
41	435	441
33	435	441
36	436	442
19	435	449
30	436	442
35	440	446
20	495	505
39	445	451
22	438	451
11	439	445
10	442	448
24	442	448
27	443	449
5	444	451
17	445	458
34	447	463
4	448	454
10	495	501
28	455	461
30	455	461
26	456	462
41	456	462
13	455	477
35	456	462
25	457	463
39	459	465
19	483	495
9	538	556
19	460	466
27	460	466
18	464	470
11	465	471
37	463	469
6	465	471
22	466	481
21	468	508
15	468	485
20	469	475
32	469	482
9	468	474
31	469	475
33	471	477
5	472	478
4	473	479
40	474	480
8	476	485
25	478	490
27	476	482
13	482	495
41	477	483
24	478	484
36	483	499
26	545	552
12	480	486
28	482	488
29	483	489
17	484	490
18	483	489
7	484	490
5	485	491
0	514	526
30	491	497
22	489	498
26	489	513
23	489	495
4	490	496
24	494	500
9	490	496
35	491	497
31	490	496
41	492	503
3	493	501
10	506	546
40	493	526
0	493	504
28	497	507
5	496	502
6	499	505
8	500	506
14	501	529
27	502	514
35	503	509
37	508	523
12	523	532
1	505	511
30	504	537
18	511	522
34	505	521
15	507	513
3	525	577
7	506	512
9	509	515
36	507	513
41	509	530
11	510	522
6	510	518
23	509	518
25	511	517
32	511	517
5	513	529
29	513	530
20	512	535
3	513	519
35	516	522
13	515	521
39	515	524
16	517	523
33	516	522
5	543	594
38	518	549
8	518	551
32	526	532
21	521	527
7	521	527
36	522	531
15	522	534
28	522	543
4	526	544
19	526	542
9	524	530
35	527	557
22	528	537
2	529	545
26	529	535
33	529	546
17	531	542
6	531	551
31	535	555
24	534	540
29	537	544
16	537	543
11	540	554
37	537	543
7	539	545
0	538	548
26	600	613
23	540	564
12	539	545
36	540	557
27	542	550
20	543	550
32	542	553
41	545	557
24	547	553
19	549	557
28	549	555
37	549	555
15	549	569
1	549	560
34	549	555
30	551	557
17	550	559
29	551	572
2	553	583
0	554	577
33	555	562
21	555	567
40	554	560
16	554	561
8	556	565
20	556	562
6	556	564
12	559	578
31	561	574
13	562	578
14	563	578
35	565	571
28	566	573
34	564	574
10	565	574
37	565	571
19	566	572
39	567	581
25	565	571
22	567	573
1	567	573
11	567	573
4	568	578
24	570	583
20	570	576
21	572	592
40	573	579
32	576	582
9	575	584
35	577	614
26	576	582
7	579	591
39	589	615
37	576	582
6	579	614
34	580	594
25	581	588
23	580	586
38	580	594
27	580	613
29	582	588
13	584	599
33	585	591
8	587	593
17	587	599
9	593	610
40	588	594
20	589	595
18	589	595
4	589	595
11	589	605
23	591	597
41	592	604
2	592	598
1	593	608
31	594	600
15	597	603
30	599	613
18	603	615
25	600	606
12	599	605
4	606	614
22	599	605
19	600	615
40	599	605
33	599	606
14	599	614
3	600	612
7	600	606
28	602	609
2	604	610
29	604	610
34	604	610
13	606	612
8	608	614
32	607	613
20	607	613
24	609	615
38	608	614