32	26	34
21	26	34
39	39	47
37	34	48
13	30	48
12	31	50
8	32	55
36	33	44
24	36	44
38	34	42
0	34	56
38	45	54
19	37	46
32	38	46
17	50	65
20	38	48
34	39	47
2	40	48
40	40	48
15	41	49
29	42	60
1	42	50
28	42	50
6	44	52
9	59	75
16	45	57
27	51	59
34	51	59
7	50	60
3	50	58
21	51	59
26	58	69
14	53	67
31	53	61
30	55	68
22	55	63
40	56	64
15	57	65
36	57	71
33	59	67
21	62	72
12	74	86
2	64	72
6	64	72
20	66	74
11	67	76
35	66	76
0	67	81
15	68	76
28	68	78
24	69	77
40	69	82
23	69	79
37	69	77
29	70	78
10	72	80
33	73	81
6	75	84
36	75	83
27	75	83
16	75	84
26	74	82
32	76	101
30	76	91
15	98	106
1	78	86
22	78	87
17	78	86
4	80	88
37	83	100
21	85	93
0	85	103
15	85	93
34	85	93
38	87	100
33	88	96
35	87	95
18	89	97
11	97	105
10	90	98
7	91	99
13	92	102
3	91	108
23	93	101
36	94	102
8	99	107
21	98	106
4	99	107
6	102	110
35	102	110
5	103	111
24	102	120
40	105	113
13	105	113
21	109	117
3	112	127
1	112	120
22	158	166
2	117	125
41	128	137
29	119	127
33	118	127
4	122	130
12	125	133
39	127	135
18	128	136
1	129	137
24	130	140
10	137	145
32	138	146
13	139	147
6	140	148
34	152	161
11	149	157
8	150	166
23	151	159
1	153	161
15	259	269
24	161	169
25	165	173
18	169	177
10	168	176
27	172	198
24	181	189
4	176	184
41	176	184
18	186	194
29	181	189
37	182	190
35	184	192
11	188	203
0	192	200
39	194	202
12	195	203
16	199	207
9	198	206
19	201	210
2	201	209
6	207	215
35	203	211
5	206	215
8	210	218
1	208	216
27	210	218
4	214	222
37	215	223
24	216	224
22	216	224
28	217	225
16	224	233
15	220	238
18	223	231
3	223	231
14	224	232
17	225	233
4	226	244
13	235	243
23	232	240
38	230	238
5	232	240
11	233	241
7	236	252
33	239	253
32	242	255
36	244	252
29	245	253
6	247	255
23	251	262
15	246	254
17	247	255
27	248	256
4	250	261
19	251	259
23	279	287
34	253	261
21	261	277
9	253	261
1	255	263
41	256	264
39	255	263
14	262	270
0	257	265
31	258	266
6	260	268
8	261	278
26	260	269
36	261	269
30	261	269
22	263	271
33	263	276
16	265	273
17	266	274
1	266	274
41	270	287
19	266	274
2	267	290
4	268	277
31	274	290
24	285	299
36	272	290
11	271	280
10	295	311
10	274	282
22	274	300
40	275	284
15	275	283
20	275	283
39	276	284
9	277	285
34	295	348
28	280	302
7	287	295
36	325	351
17	282	290
3	281	289
13	284	298
26	288	296
9	298	308
14	285	296
0	284	292
29	296	305
38	293	355
5	287	295
12	287	301
15	294	313
35	345	369
32	287	297
37	290	298
41	292	306
4	300	347
18	298	309
17	304	351
8	297	314
0	299	307
7	298	306
40	298	306
1	306	353
5	300	320
28	325	341
31	300	308
14	303	341
3	304	314
33	311	346
7	331	359
32	305	332
37	305	319
31	311	342
24	358	374
36	306	314
21	308	355
19	307	315
19	335	343
11	308	317
2	307	327
25	307	315
6	309	317
37	324	334
24	310	318
9	311	320
35	313	337
26	317	328
20	312	333
0	313	368
12	318	359
18	313	322
41	315	323
13	315	355
23	316	339
27	318	350
16	328	342
22	317	343
15	317	325
7	319	327
10	318	335
8	318	326
25	320	328
39	320	339
29	321	354
9	323	341
6	325	335
40	324	332
5	325	336
20	377	385
30	325	333
3	325	349
18	327	336
15	329	350
24	328	341
41	328	336
25	331	365
9	346	357
11	333	343
37	337	352
8	337	354
10	338	346
40	338	354
20	339	350
32	338	346
26	338	346
30	340	348
6	342	350
16	347	366
23	351	370
5	344	352
28	346	354
14	346	361
18	345	353
24	345	353
39	348	357
32	350	367
11	353	382
41	349	357
26	351	359
33	351	360
22	353	361
2	353	361
13	358	367
4	354	362
34	354	362
5	355	370
37	358	366
19	356	368
17	357	365
1	360	374
36	359	367
40	363	371
15	364	386
31	365	383
18	365	373
41	364	372
2	368	376
9	367	375
38	369	377
10	368	376
4	370	378
6	370	378
37	371	384
41	375	391
40	375	383
6	392	400
13	378	386
29	377	385
33	381	389
21	382	390
19	383	391
27	387	395
4	388	396
11	390	400
29	389	411
22	389	403
32	396	404
33	396	404
21	400	408
26	400	412
1	406	418
37	407	415
2	407	422
17	408	416
24	410	420
10	411	419
39	411	419
7	417	425
21	416	424
15	418	426
31	418	426
33	421	439
35	597	613
28	422	430
9	421	429
6	426	436
37	429	439
34	425	441
2	425	433
22	427	435
12	428	436
10	428	436
39	433	442
40	429	437
27	431	440
31	429	437
5	431	443
17	434	442
11	439	447
6	440	448
20	440	448
37	444	452
23	443	451
0	445	453
41	445	453
7	446	463
17	448	463
40	449	457
12	450	458
31	451	459
33	452	460
27	454	462
4	458	473
15	465	473
36	459	467
22	459	467
21	459	467
3	460	476
39	463	471
24	462	470
9	464	472
5	471	479
17	468	476
16	469	477
31	468	476
18	470	478
7	473	481
37	474	487
2	476	484
40	476	484
12	477	491
4	480	488
28	480	488
34	480	496
29	480	488
41	481	489
24	484	492
16	485	493
22	486	494
26	486	494
19	488	496
30	491	503
2	492	500
12	497	507
29	494	502
23	494	502
36	521	540
4	495	508
13	498	510
8	499	507
7	499	507
0	502	510
17	502	510
25	544	561
27	503	511
28	504	521
25	505	523
15	506	514
35	508	516
33	510	521
34	509	517
21	510	518
26	516	524
31	513	525
2	513	521
39	514	532
0	517	534
15	517	534
18	526	534
38	516	534
14	517	525
23	519	531
13	519	530
11	518	529
29	519	527
16	521	529
32	522	540
5	523	531
9	523	531
19	526	534
4	526	537
33	533	541
17	532	540
30	543	563
24	534	542
27	536	571
21	534	542
31	534	542
3	535	543
37	540	548
35	538	555
0	537	545
41	538	546
40	540	548
6	541	573
29	540	548
26	544	552
13	543	551
10	547	557
31	545	553
11	544	554
9	545	574
16	547	555
36	548	556
33	548	556
2	552	560
8	555	576
7	555	565
17	557	565
20	557	565
24	557	565
18	567	575
39	557	575
23	557	565
16	566	577
21	563	571
29	562	570
19	567	576
33	566	574
13	566	576
10	568	584
0	571	579
12	570	578
24	570	578
32	570	578
34	571	579
37	572	581
11	572	580
29	574	587
26	576	589
5	576	584
35	576	584
3	576	584
40	579	587
27	580	588
31	585	593
0	582	590
21	582	596
33	583	591
11	584	592
15	583	591
32	585	593
12	586	601
37	586	603
36	586	594
16	586	614
2	588	597
6	589	597
3	592	609
28	596	605
24	593	601
17	595	603
13	594	602
40	596	613
41	597	615
36	597	608
34	598	613
25	599	607
6	602	612
8	601	610
20	604	612
37	606	617
2	609	617
4	607	615
12	608	616
11	609	617
14	609	617