6	45	55
26	44	54
16	40	50
23	36	53
35	22	32
18	39	63
39	29	39
38	31	43
1	32	42
0	33	43
41	37	47
3	45	67
13	36	46
12	37	49
37	38	48
36	39	49
32	40	50
31	41	51
17	41	53
20	41	51
39	44	54
35	44	56
9	44	62
14	45	73
30	45	58
0	47	57
1	56	66
38	49	59
37	49	61
2	49	59
5	51	61
34	52	62
12	54	64
16	54	64
10	54	64
17	62	74
13	55	65
4	55	75
27	59	69
41	56	66
25	103	113
28	57	68
36	59	73
29	60	70
24	63	74
23	64	87
12	66	84
6	66	76
16	66	86
22	65	75
13	68	78
39	67	77
40	67	77
30	71	85
32	70	80
8	70	80
31	72	85
15	72	82
14	74	86
7	75	86
21	76	89
5	76	98
2	76	86
35	78	88
22	79	89
10	79	89
34	79	103
33	79	89
29	79	89
1	81	101
19	84	116
37	85	105
3	92	103
39	87	97
8	90	100
18	90	100
13	91	101
4	91	101
33	90	100
20	91	103
7	93	103
15	95	105
4	104	114
12	116	126
27	106	124
5	108	118
40	107	128
37	111	121
3	110	120
33	112	122
21	113	123
25	115	125
2	127	137
10	119	129
35	118	128
39	119	129
13	119	129
4	120	130
22	126	136
36	127	137
12	128	138
5	129	146
27	130	140
14	131	141
33	136	146
30	132	142
34	134	144
13	137	147
39	137	147
23	137	155
2	143	153
21	145	155
4	177	192
27	149	159
6	150	160
38	152	162
30	153	163
13	160	170
11	160	170
37	163	173
31	165	175
29	165	175
18	167	177
20	168	178
6	174	184
32	220	239
3	181	191
33	183	193
26	184	204
22	183	203
27	186	196
3	194	205
34	195	206
11	198	208
28	200	213
9	198	208
6	201	211
32	203	213
36	203	213
1	204	214
14	207	220
29	207	219
38	212	222
17	212	222
6	214	224
1	215	225
2	217	236
22	216	226
8	218	228
7	219	229
21	222	232
5	225	242
12	224	244
23	229	243
39	229	242
24	234	254
26	231	249
1	231	241
41	234	244
1	303	333
17	240	250
27	241	251
13	250	275
39	243	255
1	242	255
35	251	264
3	245	255
19	249	259
2	249	268
4	253	263
17	260	276
33	251	261
15	252	272
22	252	262
29	259	278
41	253	263
6	255	278
34	256	275
36	257	267
31	261	282
20	258	268
21	257	267
10	259	286
1	259	269
0	260	270
28	264	274
18	269	283
40	271	287
11	277	294
39	284	336
27	268	284
2	271	291
8	270	280
41	272	282
4	272	282
22	273	297
21	275	287
33	277	287
1	279	289
28	287	297
9	285	306
32	280	290
17	281	291
23	282	292
24	302	368
0	283	308
12	283	317
4	285	295
20	285	295
16	286	296
35	285	295
25	290	312
34	287	297
26	290	309
33	294	304
29	288	303
40	291	301
5	292	302
27	291	301
15	292	303
3	292	302
30	292	308
37	295	305
38	296	306
8	305	378
10	295	305
31	304	315
7	298	346
23	298	332
11	298	308
16	300	318
36	309	332
28	301	320
4	301	324
13	301	311
20	302	346
34	304	330
41	306	332
32	311	328
25	313	333
31	318	330
27	305	342
3	310	320
35	306	319
16	320	352
5	306	352
6	308	349
9	309	319
17	311	364
19	315	335
33	308	333
18	309	319
10	309	346
40	319	352
22	311	343
21	313	344
37	312	343
35	327	355
38	318	334
13	317	361
0	317	332
15	318	332
29	318	358
12	319	355
30	320	367
14	320	330
2	320	330
9	321	344
3	321	332
11	326	356
26	326	356
4	327	337
41	354	369
28	331	341
14	332	352
36	333	355
31	334	344
41	334	349
18	335	356
3	335	345
1	334	344
39	337	349
33	336	346
15	337	360
2	338	353
23	338	359
4	350	375
32	344	354
9	345	359
34	345	356
38	345	371
1	346	363
0	349	362
37	349	360
39	350	372
20	351	366
19	353	363
10	353	363
7	353	363
21	353	363
31	354	373
2	354	364
27	355	369
40	360	374
22	356	366
12	358	368
25	358	368
29	362	372
17	445	472
3	363	373
37	362	372
18	365	375
26	366	376
23	366	378
28	365	375
19	367	380
33	367	377
0	369	379
32	369	387
11	371	381
30	370	389
6	371	381
14	375	387
33	380	397
36	373	383
16	374	384
25	378	393
27	377	387
1	378	388
41	377	387
2	380	390
5	382	392
24	381	391
0	385	395
19	390	400
14	392	402
7	395	405
4	415	428
11	397	407
13	397	407
10	405	420
0	400	410
15	401	411
20	402	412
12	404	414
21	406	416
35	410	420
16	407	417
37	406	416
25	406	416
39	409	419
9	409	429
8	410	420
7	412	451
36	412	422
22	416	426
26	416	426
12	421	433
19	431	441
21	422	432
23	422	432
38	431	441
37	423	433
38	511	521
24	425	435
13	426	437
36	427	437
40	430	440
26	430	440
35	429	439
19	532	558
33	432	442
29	435	445
12	435	445
9	436	453
20	435	445
5	441	451
11	441	457
31	444	454
19	445	455
38	447	457
23	445	455
2	448	458
1	454	464
35	449	459
34	451	461
10	452	462
18	455	482
25	456	471
23	458	468
10	463	473
8	462	479
22	463	479
34	465	475
0	469	479
16	550	560
33	475	485
1	475	485
5	477	487
39	479	489
26	479	489
7	479	489
14	484	494
9	486	496
23	487	497
0	489	507
22	489	499
24	516	531
8	493	503
15	496	506
6	496	506
14	496	506
9	499	509
31	499	509
36	503	518
17	504	514
8	507	517
1	506	532
0	510	530
22	510	520
41	509	519
19	511	521
23	512	522
33	513	523
6	516	526
31	516	526
17	516	526
16	516	526
9	518	528
15	521	531
7	520	538
5	522	532
34	523	535
17	542	552
28	523	533
31	532	551
25	527	537
22	527	537
39	529	539
23	531	566
6	540	560
14	546	558
1	534	549
4	536	546
15	536	549
32	536	546
18	538	551
21	538	548
3	539	549
38	540	556
26	540	550
12	539	549
7	547	578
22	543	553
13	545	568
7	581	598
27	547	557
34	550	560
0	551	561
2	551	561
30	551	561
39	553	564
32	552	568
37	554	564
41	555	568
40	555	565
20	563	573
36	555	565
30	568	586
14	560	580
33	563	573
34	563	573
1	562	572
12	564	580
37	565	580
29	566	576
15	566	576
18	567	577
26	568	592
3	568	578
22	570	582
27	570	594
5	569	579
11	574	585
13	573	583
17	573	583
20	576	586
8	579	589
32	579	589
23	581	591
41	580	594
36	582	592
39	582	601
31	583	593
10	584	598
29	587	605
5	587	611
24	589	599
33	593	603
40	588	598
23	592	602
37	595	617
11	593	603
20	594	606
21	597	619
31	595	619
9	594	604
13	595	605
32	595	605
27	601	615
16	597	615
2	598	608
22	599	609
35	601	619
19	603	613
1	603	613
33	605	618
10	604	617
40	605	619
13	606	617
34	609	619
14	608	618