28	42	48
29	28	42
3	24	30
35	22	47
12	21	47
41	40	59
22	29	51
32	23	29
8	25	45
36	26	32
40	26	32
31	29	35
1	28	34
39	29	60
5	69	75
11	32	38
14	32	38
23	32	38
5	33	55
15	36	49
17	36	64
25	46	52
30	48	54
36	40	56
1	40	50
16	40	46
3	41	56
32	41	48
6	42	49
27	42	50
18	42	48
13	42	60
40	47	58
0	46	55
26	47	57
23	49	68
2	54	65
9	49	60
10	50	57
16	51	57
38	55	64
11	54	75
4	54	75
8	55	62
15	56	62
29	57	73
1	58	108
34	58	65
12	59	65
7	59	65
35	61	69
30	75	85
6	61	67
37	62	82
28	63	70
22	66	83
10	65	76
3	68	74
31	68	85
13	69	93
20	70	88
12	70	76
2	71	86
19	71	85
21	71	83
39	70	83
36	72	78
16	72	79
28	75	83
14	73	79
8	74	80
27	75	85
25	75	81
24	75	88
0	75	82
9	77	104
23	80	87
18	79	85
28	95	109
27	91	107
34	85	91
16	95	115
3	86	92
6	86	92
12	87	99
38	87	102
8	88	98
40	88	94
22	88	103
14	91	103
2	91	112
32	92	107
19	93	114
35	93	99
0	93	99
5	104	133
26	102	111
4	97	103
36	99	105
41	101	113
37	99	111
31	104	113
11	104	110
30	105	111
25	106	112
18	109	115
23	116	125
19	155	161
3	111	128
4	110	123
40	112	118
14	112	130
39	114	126
10	114	120
38	114	130
11	212	224
25	117	123
2	125	142
20	122	136
26	124	130
7	138	150
25	132	138
0	126	134
19	128	134
22	128	140
9	134	140
30	130	137
1	129	135
12	130	136
16	132	138
26	140	149
33	139	145
24	135	141
31	135	157
27	137	152
29	138	144
11	140	146
39	140	152
15	141	147
23	145	151
17	142	148
4	142	148
38	141	155
0	144	150
40	142	148
25	190	199
35	145	161
37	149	161
18	146	160
34	151	157
3	148	157
2	149	155
6	150	156
16	153	159
36	153	159
14	155	161
17	181	193
39	158	169
33	161	174
30	163	169
34	164	170
26	165	185
6	168	174
38	166	172
24	171	177
35	197	211
3	172	178
2	172	180
37	176	182
15	176	198
12	178	201
36	178	184
25	178	184
10	193	199
11	187	196
0	184	198
6	186	192
7	186	202
23	186	192
20	193	205
26	191	197
28	191	197
29	191	197
9	192	198
30	193	199
38	198	204
9	216	228
39	200	206
31	201	210
16	201	215
36	204	225
28	204	210
33	203	209
26	204	210
3	203	209
34	295	308
37	205	218
2	205	211
12	210	230
15	206	212
0	208	221
14	209	215
24	211	217
13	212	223
20	212	218
38	220	226
32	214	220
4	215	230
6	216	225
21	217	223
14	225	238
39	219	225
26	220	231
23	235	293
27	274	284
30	224	242
40	226	232
2	226	232
37	227	233
15	226	235
32	227	233
19	230	240
35	232	238
25	232	238
20	237	251
28	233	249
21	233	241
0	232	239
22	233	240
26	285	321
6	244	270
36	236	249
40	237	243
8	238	244
1	238	253
34	237	246
11	238	244
39	239	246
38	239	250
26	242	254
16	241	248
2	243	249
5	246	252
18	244	250
3	244	250
17	246	255
24	254	260
31	274	288
22	247	260
41	248	254
12	248	255
0	273	282
15	249	273
39	269	296
19	249	265
27	251	261
37	252	258
29	254	260
33	255	261
25	255	263
14	256	262
30	257	274
3	257	263
31	259	268
39	258	264
34	258	264
38	259	265
12	261	267
35	261	277
28	262	277
7	264	270
32	265	276
5	263	269
29	265	271
10	264	275
17	267	273
22	268	287
8	266	282
36	266	272
4	268	278
6	275	366
20	269	275
24	270	356
25	269	277
22	314	356
2	271	283
40	272	294
19	271	284
13	271	282
26	273	279
3	274	297
20	280	304
18	277	283
9	277	283
12	314	354
16	278	293
37	279	285
21	280	296
36	282	296
25	283	355
41	283	289
9	298	348
33	285	291
11	286	293
14	285	311
2	293	300
0	290	354
30	288	366
1	288	349
27	290	327
4	301	364
12	290	296
8	308	354
32	290	336
13	301	337
7	294	300
31	295	359
35	295	322
19	298	343
23	298	311
15	321	380
5	299	305
18	299	305
15	299	305
37	299	313
21	301	351
2	305	364
10	301	307
12	301	307
36	303	363
40	314	373
28	303	365
39	304	348
3	311	378
33	304	343
11	306	312
41	307	337
38	308	355
15	310	316
16	310	368
18	316	358
5	310	354
17	310	355
7	315	342
29	316	341
34	316	343
11	317	345
23	317	359
20	316	351
14	317	363
10	321	367
37	323	362
26	327	343
35	331	371
27	339	374
13	345	351
41	345	372
29	347	359
34	350	378
33	351	365
32	351	367
7	351	383
19	353	359
11	354	375
12	371	386
1	355	369
39	357	372
20	357	390
22	363	373
26	361	375
13	361	367
9	363	369
0	364	377
29	365	381
24	365	371
23	366	374
38	367	373
5	366	372
14	368	392
8	371	381
36	371	391
4	371	377
37	371	409
19	373	379
2	372	380
18	373	379
16	375	381
28	378	384
21	379	387
22	379	410
31	381	388
30	381	387
32	383	389
35	384	390
24	384	390
6	386	392
8	424	430
7	390	397
18	387	393
40	387	396
9	390	399
0	390	400
13	390	396
29	420	430
29	393	405
26	394	418
17	394	400
27	394	400
12	394	400
35	395	408
20	397	403
5	397	403
33	398	404
31	399	405
39	398	404
41	400	406
10	399	405
15	402	408
18	403	409
34	404	422
8	403	409
27	405	411
9	407	420
23	408	414
39	409	415
2	409	415
13	408	419
5	410	416
28	410	416
31	411	417
4	413	419
6	412	418
14	414	420
0	414	421
1	419	425
17	417	423
20	418	424
38	420	426
32	423	429
32	435	445
33	422	428
28	423	485
39	424	430
16	424	430
19	424	430
5	425	431
26	425	441
27	424	439
23	424	430
11	426	432
0	426	432
4	428	443
14	429	435
13	428	438
6	427	441
31	428	437
7	428	434
12	428	439
36	430	445
3	431	437
2	432	438
10	432	438
30	439	464
9	435	449
16	435	441
19	435	441
18	435	456
20	438	445
38	439	453
33	440	446
41	440	446
21	443	449
11	444	450
29	446	458
14	446	452
3	445	451
31	448	456
25	448	460
40	449	455
24	452	462
22	451	457
11	511	529
21	454	460
27	456	462
38	499	530
13	455	461
39	456	462
1	456	462
32	459	472
33	459	465
11	460	466
20	462	468
18	509	531
22	464	470
1	468	486
0	467	473
12	469	475
41	469	475
26	470	479
14	468	474
40	469	475
30	471	477
4	472	488
3	471	477
35	472	479
18	473	489
27	474	487
9	476	482
38	479	485
21	478	493
37	479	485
3	514	538
24	480	486
36	481	487
16	483	499
32	485	491
19	486	493
0	486	492
6	486	497
9	487	493
29	488	494
41	489	495
33	490	496
7	491	497
28	490	496
41	534	551
12	493	499
37	494	500
35	495	501
13	496	502
4	496	524
10	497	503
23	496	502
34	496	507
32	498	504
1	502	508
21	501	529
15	503	513
40	503	518
22	505	527
31	505	524
28	507	543
16	507	513
36	506	536
10	510	536
6	509	515
19	510	516
25	512	537
8	545	600
24	512	518
23	514	527
12	513	523
20	513	535
1	513	519
9	514	536
26	514	526
33	517	523
35	515	522
8	515	524
2	517	529
5	523	542
29	527	545
13	519	538
37	519	533
6	521	530
0	521	527
34	522	528
41	522	528
40	524	548
35	527	560
17	526	551
24	531	559
14	528	578
7	528	534
27	528	534
8	529	535
30	531	537
33	531	537
23	556	575
34	533	541
23	535	541
2	535	541
1	536	562
26	536	551
6	538	544
4	536	548
18	538	545
33	570	579
37	538	544
22	540	546
7	541	547
31	540	546
11	540	546
32	542	560
18	581	591
27	543	552
12	545	551
20	544	550
21	544	560
36	545	566
19	546	552
16	547	553
5	548	554
39	548	575
0	550	556
30	550	557
3	550	559
31	552	558
2	551	568
37	552	558
40	553	559
4	554	570
11	555	561
13	555	561
9	555	571
17	559	612
25	555	567
6	557	563
15	559	580
19	558	583
10	560	566
5	563	573
37	563	589
26	562	579
3	564	577
16	565	571
30	565	571
12	565	579
24	564	570
27	564	587
0	566	576
11	567	582
20	570	579
21	571	577
40	574	586
6	573	593
28	580	605
4	576	582
34	576	587
38	578	584
30	577	583
36	579	588
32	579	585
23	580	591
16	581	593
13	581	587
5	582	588
41	581	587
3	583	599
26	585	591
31	587	593
21	587	593
30	589	595
9	588	595
23	598	614
26	602	611
39	590	596
19	591	597
0	592	598
32	594	606
11	594	600
22	593	599
12	593	611
38	595	602
15	596	612
4	596	604
13	595	601
2	597	610
16	598	609
7	602	608
29	607	613
18	600	613
31	599	605
37	602	610
20	602	608
24	602	612
19	602	608
30	604	612
27	604	613
8	605	611
25	605	614
14	608	614
22	608	614
9	607	613
13	608	615
34	608	614
11	609	615