25	36	42
37	24	30
10	35	44
28	27	38
33	27	33
11	28	34
27	31	37
7	31	37
21	32	39
0	32	41
36	34	40
16	35	47
14	35	51
8	38	52
1	37	43
31	37	48
6	38	50
26	38	44
24	38	44
9	56	66
17	39	46
20	49	57
23	49	59
37	44	59
32	53	70
15	43	60
34	44	52
7	91	97
27	49	71
25	55	61
21	48	56
1	56	63
16	58	64
11	50	56
28	66	76
3	52	68
39	52	58
35	53	61
13	55	64
17	55	66
38	58	64
10	58	81
19	59	67
4	60	70
30	60	74
20	64	78
40	65	87
2	67	82
6	67	78
36	69	81
11	69	75
14	70	76
22	70	81
1	72	78
0	75	81
23	76	82
29	78	84
9	78	84
34	80	89
11	80	86
37	81	87
25	82	94
18	82	88
19	86	92
31	87	93
28	87	93
20	87	93
38	88	94
27	89	98
6	93	108
0	93	99
2	96	102
24	97	103
3	99	106
22	101	107
16	106	123
2	109	119
24	109	115
25	111	117
4	112	118
1	113	119
11	112	118
7	113	119
3	116	122
34	115	121
17	117	124
36	120	128
26	121	132
2	124	131
21	123	129
24	124	130
29	123	129
10	125	132
22	135	141
3	127	133
0	131	137
6	131	137
31	133	141
25	133	139
1	134	140
27	136	144
21	142	148
25	144	152
0	143	149
40	148	154
18	150	156
37	159	165
6	156	162
41	159	165
8	160	166
38	163	169
36	163	169
19	162	168
14	166	172
17	168	174
30	169	175
6	170	176
13	175	181
0	176	182
28	177	183
4	178	194
16	178	188
14	180	186
30	186	192
36	187	193
28	188	194
35	194	201
27	201	207
13	194	200
15	196	202
19	197	203
24	204	210
3	259	270
16	198	204
0	198	204
31	202	208
18	203	209
40	203	209
2	212	224
20	207	217
7	208	214
36	208	214
1	209	220
15	211	217
17	214	220
21	217	223
35	216	222
10	217	223
27	221	227
8	232	238
28	222	228
6	221	227
13	224	230
37	223	229
20	224	230
40	245	259
11	226	235
33	226	234
21	229	247
30	231	240
6	233	239
14	233	239
28	234	254
26	237	247
4	236	242
16	238	244
31	239	245
39	241	247
32	249	255
4	248	254
41	249	262
9	248	254
15	250	256
19	252	258
31	255	263
21	253	259
5	255	261
38	255	261
29	257	263
8	257	263
17	258	264
1	262	269
31	275	291
18	261	267
36	262	268
38	266	274
10	267	275
6	263	269
32	266	272
34	272	278
24	268	292
11	267	273
33	267	273
27	267	273
4	268	274
2	268	280
15	270	282
13	273	283
7	272	282
30	273	279
17	281	290
9	274	280
10	280	287
37	274	283
0	280	286
23	275	296
22	277	300
40	277	287
26	278	284
5	279	286
33	278	293
4	283	297
35	284	290
1	314	335
21	331	349
20	292	298
36	284	290
30	285	298
27	288	294
18	287	294
38	287	303
26	292	301
1	288	303
37	288	294
34	291	297
16	291	297
13	292	300
10	292	298
14	292	298
3	292	301
11	297	358
7	297	303
6	298	318
12	301	311
9	304	312
33	300	337
19	300	360
40	299	315
39	301	326
28	303	319
40	325	353
32	302	330
27	307	357
8	302	308
14	304	349
17	303	314
36	304	310
31	305	317
10	306	312
18	328	375
16	310	343
35	306	312
5	307	314
0	314	325
38	309	321
13	308	315
22	308	314
25	311	325
37	311	335
8	314	333
29	313	372
30	313	321
20	314	339
35	317	340
26	344	350
4	314	320
34	315	326
36	319	329
26	315	338
41	317	339
21	317	324
9	324	354
2	318	344
15	319	333
22	319	325
7	320	326
5	320	330
23	326	342
30	326	343
31	322	357
24	322	340
13	323	358
28	324	330
3	325	331
6	326	354
28	335	353
12	328	334
34	332	366
5	341	364
3	336	357
4	332	348
39	359	365
25	330	347
10	330	344
7	332	357
22	332	347
24	388	394
39	334	340
0	338	348
1	340	346
35	345	364
17	341	347
32	341	356
36	340	357
38	341	347
33	342	348
37	343	350
15	348	354
23	348	355
20	349	355
41	349	355
8	350	388
2	353	359
16	353	372
0	354	360
4	360	371
37	355	361
14	357	363
9	359	365
1	359	365
13	403	409
28	361	367
31	363	369
7	394	400
0	365	371
7	365	371
10	367	377
36	368	374
14	368	374
2	385	401
17	369	384
30	370	376
20	371	377
39	372	378
5	376	384
33	377	387
27	379	391
13	379	385
39	383	389
4	386	392
28	386	392
19	385	391
21	387	393
31	388	403
32	393	399
20	395	404
18	398	404
14	399	411
8	401	410
17	402	408
12	403	409
15	405	411
24	410	419
38	406	412
2	406	412
3	412	418
36	413	427
10	408	434
34	411	417
7	449	466
25	415	421
6	417	423
8	418	424
20	420	426
40	421	441
12	424	430
37	424	430
19	426	432
14	427	434
34	429	435
39	430	439
9	432	438
21	431	448
41	440	446
31	436	442
38	436	442
17	437	443
2	441	447
33	442	462
36	442	448
5	445	451
34	448	454
0	446	452
4	447	453
24	470	491
24	451	457
31	456	464
9	455	461
32	453	459
13	456	470
19	461	467
15	461	467
16	462	468
25	462	468
18	464	475
7	484	498
20	464	470
12	466	472
22	467	483
26	466	472
35	467	473
31	470	476
10	472	491
34	472	478
9	472	478
17	474	489
3	477	483
29	476	482
33	478	487
14	482	493
0	482	495
21	485	491
36	488	495
37	522	531
20	491	497
28	494	500
18	495	516
33	495	501
8	497	503
23	497	503
3	499	505
38	501	507
29	500	506
22	501	516
6	518	524
9	506	512
26	508	514
25	518	533
4	507	516
7	507	513
15	507	513
1	510	516
16	512	525
11	513	519
27	514	520
35	513	519
30	516	522
23	516	541
16	546	555
24	516	522
13	518	524
29	521	527
22	521	527
15	523	532
41	521	527
28	523	529
0	523	529
30	535	553
36	523	529
38	525	531
35	525	531
9	525	533
40	527	533
31	529	541
4	532	538
12	533	539
2	533	539
26	536	544
3	547	556
18	533	547
7	535	546
41	535	546
34	535	541
22	537	548
39	536	542
6	537	550
27	538	544
37	539	550
17	540	551
19	542	548
11	542	548
0	546	559
11	564	579
38	550	556
20	548	554
9	550	556
29	552	563
28	555	561
31	551	561
19	553	560
12	553	559
40	555	561
36	554	579
14	555	561
2	556	562
1	556	562
6	558	573
8	558	564
26	560	567
27	561	567
5	567	575
35	562	568
20	562	568
17	562	573
38	566	572
1	570	576
9	567	573
25	569	575
4	568	579
23	570	576
35	585	598
19	572	597
2	572	586
41	574	583
38	582	588
32	575	581
3	579	585
12	576	582
13	578	593
33	578	590
40	580	586
5	580	586
16	582	588
22	582	588
29	585	591
0	587	594
36	587	593
1	587	604
25	591	597
28	595	602
27	593	599
41	593	599
16	595	601
14	594	600
10	597	603
21	595	601
15	595	611
12	598	604
11	598	607
2	600	607
13	602	615
39	602	608
0	603	609
38	603	609
37	604	610
31	604	610
23	605	611
14	607	613
8	608	614
7	609	615
25	609	615