9	22	55
29	21	71
13	28	76
10	30	42
30	25	61
36	27	60
0	22	53
5	33	50
26	28	97
5	17	27
38	35	65
15	26	101
3	35	59
1	24	72
18	29	49
40	31	81
4	26	66
39	33	69
25	30	58
17	33	48
31	38	102
2	36	54
22	37	75
7	36	81
28	26	46
27	34	58
21	38	60
37	37	65
23	35	72
19	33	56
20	45	91
32	41	74
41	44	63
33	47	63
8	48	77
6	45	55
34	35	75
16	40	69
24	52	62
35	51	81
10	50	66
11	49	64
2	55	80
0	54	64
12	67	79
24	65	78
14	72	82
0	72	84
25	75	87
3	68	87
8	81	126
0	87	102
39	87	108
1	90	100
40	84	102
38	108	121
23	115	134
37	117	142
20	124	138
40	121	132
11	123	140
9	130	140
24	130	140
39	129	139
15	141	154
35	155	166
29	162	199
39	167	177
19	165	175
11	182	199
17	184	198
24	190	200
0	191	203
0	207	266
27	204	226
1	205	215
26	210	226
16	210	220
23	210	222
35	215	225
6	219	229
32	223	233
11	221	233
16	225	243
6	230	240
27	236	251
17	234	244
40	233	243
4	234	249
15	240	250
16	245	261
13	247	266
32	246	364
17	251	261
2	245	264
30	254	265
12	261	279
40	262	283
33	243	278
34	265	283
17	268	279
6	253	275
36	265	380
20	271	286
1	270	313
3	269	279
15	271	283
11	272	298
2	269	290
30	277	288
39	274	284
24	280	358
0	280	296
33	279	308
12	281	369
41	285	364
6	285	370
16	287	357
28	286	357
3	287	343
20	290	301
21	277	345
19	293	306
38	283	315
30	290	344
31	290	346
18	291	351
7	291	309
25	286	324
8	295	343
40	294	329
23	277	349
34	294	361
29	291	353
5	299	351
2	299	352
0	298	361
37	291	369
14	300	349
15	298	363
26	300	361
9	301	364
10	303	365
20	303	367
33	310	360
35	302	362
17	308	368
11	303	346
19	312	326
13	305	370
1	314	332
4	308	396
27	302	387
39	313	364
7	316	350
38	321	401
25	326	351
1	333	353
30	346	357
8	347	377
14	352	372
26	370	384
0	369	379
11	365	399
34	364	388
29	354	381
24	367	400
13	379	390
37	379	391
22	382	392
16	386	396
0	386	396
21	389	405
16	400	410
6	385	415
34	413	443
27	411	421
29	412	422
22	416	438
9	417	427
6	416	427
33	426	436
23	429	441
17	412	441
2	436	450
29	435	449
38	443	453
8	454	464
15	452	480
20	455	466
5	460	483
14	461	471
17	462	475
2	468	489
14	473	489
41	477	487
15	482	492
12	483	493
11	481	493
7	470	495
15	496	506
9	492	505
37	495	505
34	495	516
41	503	517
28	503	514
14	504	527
26	501	524
3	506	519
12	510	555
2	504	520
15	512	525
9	515	527
31	516	532
3	522	553
13	518	528
37	511	528
41	520	544
33	524	550
2	524	540
30	521	535
26	526	538
24	526	574
15	526	557
11	525	539
8	518	582
14	528	543
34	533	553
32	534	546
25	540	559
37	538	549
20	531	559
21	539	549
39	539	549
13	535	573
5	546	556
26	545	555
35	538	555
6	543	559
2	546	564
40	549	571
32	553	570
21	553	563
23	555	573
22	552	564
14	557	590
39	562	593
0	559	587
26	565	591
5	565	581
30	568	578
34	566	585
33	566	618
7	576	588
27	580	590
9	579	589
24	579	610
16	579	591
5	583	598
40	583	614
10	575	597
30	584	613
32	584	603
29	588	615
17	592	605
0	592	617
26	595	617
7	591	617
36	599	618
19	596	615
8	597	617
14	600	618
12	601	619
34	607	617
16	596	619
6	31	41
12	47	57
18	50	60
25	62	73
19	66	76
21	65	75
38	73	85
30	75	85
13	77	87
21	78	88
32	81	106
12	82	92
35	84	95
9	85	95
37	89	99
2	91	101
16	103	113
33	91	101
3	95	111
24	94	110
21	100	110
15	104	114
17	104	122
27	108	127
30	106	116
26	108	118
21	113	123
28	114	124
16	114	124
32	121	131
34	119	129
38	122	132
22	136	156
5	129	142
34	132	142
17	133	143
8	138	148
29	142	157
34	145	155
37	147	170
36	151	161
25	154	164
19	186	203
27	164	178
21	165	175
9	175	185
28	170	180
17	173	183
6	176	186
7	181	193
39	178	188
8	186	196
1	227	239
41	194	204
28	196	206
15	197	207
18	205	215
23	197	207
13	201	211
12	201	211
34	223	233
7	205	218
3	206	216
37	206	216
5	207	217
19	207	217
39	208	218
10	214	235
37	220	240
7	220	232
12	220	230
15	222	232
19	229	240
31	222	232
14	222	232
9	223	233
5	224	234
20	225	235
25	228	238
41	230	240
21	231	241
2	233	243
14	235	250
21	242	257
3	234	244
5	238	248
7	239	249
5	256	275
41	247	257
29	249	259
31	250	260
25	250	260
37	250	260
10	260	272
14	261	271
38	262	282
35	263	273
41	264	284
4	265	275
23	265	275
37	266	289
18	273	288
35	274	284
31	277	287
22	289	308
17	297	307
39	297	307
19	330	340
22	335	345
40	341	351
31	351	369
19	347	357
11	348	359
23	354	370
21	359	371
22	357	367
18	361	379
5	362	372
25	363	373
7	363	377
2	362	372
35	363	373
20	368	388
15	373	383
2	373	383
5	374	384
7	378	388
17	380	390
23	382	395
39	384	394
33	387	397
9	395	405
22	399	409
8	394	404
13	395	405
39	396	406
5	406	423
41	412	423
9	406	416
25	406	416
36	405	415
39	409	419
7	411	421
26	411	421
21	415	439
13	420	430
7	426	439
36	421	448
26	422	432
8	422	441
28	422	432
6	428	438
24	429	439
5	431	441
32	432	449
26	437	456
30	441	451
5	442	452
13	446	456
23	448	458
17	448	458
40	450	460
33	453	463
39	454	464
25	455	467
41	460	473
38	461	471
18	461	471
27	468	478
39	469	479
12	470	480
10	472	482
9	474	484
16	475	515
28	477	487
21	476	486
22	479	498
18	482	494
17	483	493
20	484	494
5	486	496
13	485	495
4	489	499
24	491	511
33	491	501
32	497	520
40	498	508
39	499	509
5	501	511
11	505	523
27	503	513
18	509	520
22	509	519
4	510	520
7	515	531
19	517	527
1	523	533
23	520	530
28	520	530
16	519	538
20	519	529
6	521	531
35	521	536
18	523	533
36	525	544
29	532	542
10	533	543
1	534	544
18	534	544
30	542	564
23	544	554
10	546	559
7	551	561
16	551	563
37	556	568
11	557	567
27	559	569
12	560	570
29	561	577
15	561	583
19	564	574
4	564	574
38	563	573
36	565	575
28	567	577
11	573	585
22	572	582
17	574	584
3	575	585
6	574	584
8	585	595
28	579	608
6	587	597
3	587	597
2	591	601
23	592	602
37	592	602
31	596	606
34	596	606
13	600	610
21	602	612
37	604	618
6	605	615
10	606	616
27	606	616
35	605	615
25	608	618