2	35	52
41	56	66
32	29	39
1	35	50
16	26	40
39	30	40
10	43	53
12	33	43
8	33	43
40	34	44
9	37	47
29	44	57
23	38	49
31	39	49
28	40	50
0	41	51
21	41	57
6	43	58
4	46	56
12	45	56
36	46	56
40	47	57
22	49	68
5	52	62
19	55	65
34	59	83
6	62	72
13	60	70
40	64	74
3	67	77
17	67	77
17	78	99
23	66	81
38	68	78
0	70	96
29	72	82
5	74	84
31	75	88
4	77	87
14	77	87
37	79	89
24	79	89
15	79	89
26	80	90
9	83	93
29	85	95
27	89	99
22	103	113
14	107	117
41	107	117
15	113	123
6	115	125
39	115	125
37	118	133
5	119	129
12	119	129
14	130	143
7	124	134
1	130	140
2	137	147
13	141	156
19	143	157
34	144	154
12	143	153
5	145	155
18	151	161
21	150	160
3	155	165
39	166	179
10	156	166
15	159	169
36	162	172
22	162	172
20	166	176
0	170	180
38	171	181
28	173	183
36	174	184
40	185	195
35	180	190
9	181	191
21	182	192
33	184	194
22	188	198
41	194	204
7	224	235
30	198	208
6	201	213
13	199	209
40	202	222
7	203	213
21	208	224
35	207	217
29	211	221
16	222	232
36	239	249
15	224	234
2	226	236
24	228	238
33	233	246
32	235	245
30	237	247
28	241	253
17	240	250
40	287	323
27	246	256
20	247	257
19	249	260
3	251	268
1	251	261
6	253	263
14	253	263
22	255	265
28	257	267
38	257	267
4	256	266
23	258	268
32	260	273
17	278	288
37	319	352
16	265	275
17	265	275
11	267	277
28	270	280
35	270	284
10	272	282
19	272	282
13	273	283
18	274	284
29	277	287
34	279	289
3	281	291
13	286	299
14	317	327
12	281	296
33	282	292
38	285	295
15	330	345
41	286	296
5	287	297
20	322	339
6	288	298
20	293	303
23	301	341
3	294	304
14	298	308
39	298	309
15	306	320
26	300	310
1	302	337
37	302	313
9	302	312
35	312	322
2	310	333
12	305	322
4	307	317
3	309	319
39	316	326
21	311	321
25	311	330
11	315	327
41	310	326
20	311	321
9	321	340
26	315	337
17	317	337
7	315	332
18	318	349
10	318	333
22	321	335
24	323	335
11	355	389
33	324	348
35	323	342
33	354	372
8	326	337
13	326	336
38	327	343
21	352	363
27	327	343
6	329	342
19	331	341
21	334	344
36	337	352
4	334	354
10	335	348
34	333	343
39	334	350
3	335	345
16	335	345
31	337	348
14	337	347
17	338	348
26	341	351
28	341	351
24	342	360
18	351	362
12	343	356
27	345	360
38	345	355
13	346	356
15	346	360
8	348	358
30	348	358
32	347	368
22	348	358
5	350	372
9	350	360
3	355	365
36	356	366
40	361	371
4	357	367
25	357	367
31	359	369
39	359	369
29	363	373
37	364	374
2	363	373
22	365	375
7	367	377
23	372	382
0	373	383
15	381	391
16	389	399
27	385	395
20	386	396
12	390	400
4	392	402
41	393	403
1	392	402
18	395	405
39	398	408
7	398	408
20	398	408
17	404	415
40	406	421
16	408	420
32	408	418
19	415	425
4	415	425
21	415	425
15	418	428
34	421	437
18	448	463
17	424	434
14	427	437
0	430	440
19	437	447
40	488	499
35	440	450
22	441	460
7	442	452
2	451	466
31	453	463
28	463	473
38	460	470
32	458	468
15	461	471
19	466	476
16	471	481
13	472	482
4	476	487
29	479	489
28	480	490
27	481	491
25	484	494
38	487	497
7	488	498
35	491	501
15	494	504
33	493	503
32	497	507
16	496	509
18	501	511
11	509	519
9	505	521
30	505	515
38	507	517
6	507	517
8	510	520
27	509	519
13	510	520
7	512	522
16	511	521
41	514	524
37	513	530
18	516	526
23	516	526
1	517	527
17	518	534
2	520	530
34	521	531
26	525	535
38	525	535
41	528	538
27	528	538
21	529	539
13	529	539
28	531	541
14	530	540
32	531	542
15	531	541
18	535	563
23	537	547
8	541	551
31	542	552
21	542	552
33	545	555
28	547	557
6	546	556
41	549	559
34	549	559
40	550	560
20	551	561
0	551	581
7	554	564
29	554	564
32	555	574
11	557	576
22	557	567
9	557	568
13	557	567
10	561	571
24	563	573
33	570	580
5	567	579
2	565	577
12	566	576
14	567	577
15	566	586
26	567	577
17	569	579
27	569	579
4	570	588
41	572	582
1	580	604
29	577	589
13	575	585
25	575	585
19	575	585
3	578	588
17	581	595
39	581	591
22	587	618
23	585	595
36	585	595
9	592	604
33	587	597
7	594	604
32	597	619
29	591	601
31	593	605
18	594	604
13	597	609
6	596	606
14	598	608
37	597	607
35	598	608
10	601	611
0	602	612
5	603	613
19	605	615
12	606	616