24	45	52
33	41	55
25	25	59
36	26	47
6	26	37
22	28	34
29	28	44
0	28	38
32	29	35
39	29	35
41	51	58
35	30	37
13	44	51
20	31	62
10	33	40
14	35	65
11	34	40
12	36	45
18	36	60
22	39	59
37	38	44
23	38	44
30	39	61
33	63	77
41	39	45
9	41	47
23	53	59
38	42	65
28	43	51
17	42	65
35	43	50
21	42	48
4	43	49
32	45	55
27	45	52
26	45	58
39	47	64
15	47	69
34	49	56
31	49	55
2	50	56
16	60	70
12	55	76
37	54	65
0	60	71
7	57	63
10	58	66
1	58	84
5	60	66
28	60	80
11	60	81
9	62	68
27	63	73
13	64	73
21	66	72
6	80	95
29	65	78
24	67	73
35	67	81
36	66	72
25	66	77
31	68	74
6	68	74
3	69	78
32	69	83
40	69	75
34	70	94
14	71	96
22	71	77
26	71	102
41	71	79
38	71	79
37	75	84
2	75	81
5	76	93
9	76	82
7	77	83
39	77	84
13	79	91
36	80	93
17	81	87
10	81	87
31	81	95
25	83	99
23	83	93
41	85	101
33	85	91
3	85	91
22	85	91
38	87	93
8	87	93
32	97	117
37	90	96
18	90	109
7	92	98
27	93	119
35	93	100
24	93	100
21	94	104
13	96	102
15	96	102
10	98	104
5	98	104
17	99	105
20	100	106
0	103	114
25	110	116
29	103	109
24	106	120
21	110	116
2	109	117
23	111	120
39	111	117
10	110	116
7	112	118
28	112	118
11	113	119
35	117	127
20	114	120
22	115	121
13	118	124
31	120	126
1	121	133
29	121	146
0	122	128
40	124	130
15	124	135
16	126	136
32	125	141
21	127	138
14	127	139
38	127	133
18	129	135
39	129	135
27	132	138
25	131	137
23	132	138
17	132	138
6	137	143
10	158	166
5	144	151
3	141	147
7	140	146
0	141	147
34	142	148
31	143	149
8	143	149
19	144	150
16	151	162
9	148	154
26	150	156
35	150	156
30	150	156
22	153	159
2	156	165
39	156	162
3	158	164
28	158	165
14	158	164
4	162	168
40	169	175
9	163	169
1	163	178
33	162	168
34	165	175
18	165	178
36	167	173
7	165	171
19	166	172
31	167	180
8	167	173
12	168	174
16	169	180
20	177	186
41	175	181
39	175	202
38	174	180
30	175	181
3	180	187
34	184	191
15	178	184
24	177	193
25	180	186
29	182	188
6	187	193
2	185	191
28	187	193
32	186	194
14	187	203
38	188	194
1	190	196
7	190	196
19	190	196
16	193	199
3	193	202
22	193	199
23	193	199
17	194	200
33	196	209
0	195	201
27	196	202
36	198	227
15	204	211
38	200	206
29	201	207
30	204	210
22	204	210
31	204	210
3	208	215
2	205	211
35	204	210
26	206	215
18	205	211
20	206	216
17	207	213
12	211	223
24	211	226
21	252	259
32	211	226
28	211	217
3	220	230
25	212	219
4	238	269
13	216	222
9	216	222
22	222	229
34	219	225
35	219	225
15	236	242
19	222	233
27	223	239
21	224	230
5	225	231
38	225	234
18	226	232
39	226	266
37	227	233
26	228	234
6	228	234
9	231	237
40	231	252
7	230	236
2	232	238
36	233	252
17	235	244
32	235	241
20	235	241
16	238	244
35	254	260
29	239	245
12	244	263
18	241	247
13	241	247
9	242	251
3	242	257
19	244	250
11	246	252
31	248	254
2	248	254
32	259	272
30	248	271
22	248	254
15	322	366
17	250	256
33	256	272
8	250	256
5	252	265
34	251	258
16	253	262
37	254	260
14	253	265
15	255	276
38	254	260
6	256	264
29	255	264
24	255	277
41	257	263
11	258	267
0	257	266
23	259	265
19	259	282
2	260	266
34	264	274
20	288	359
31	267	273
22	266	285
8	267	289
17	268	274
28	268	284
38	267	273
10	269	275
40	268	274
37	269	275
35	270	279
12	271	277
13	272	278
30	293	362
26	271	295
20	273	279
0	273	321
11	274	293
29	273	279
21	275	293
4	275	281
18	277	283
14	279	294
5	279	293
2	293	360
34	281	294
10	280	300
38	279	295
4	311	322
3	279	375
32	284	303
17	281	292
6	281	287
2	282	288
24	285	365
16	285	376
31	285	321
36	287	310
40	287	328
15	286	292
1	289	307
9	290	309
25	289	376
28	298	322
29	296	306
4	293	299
18	293	361
6	294	300
39	295	302
19	295	313
35	305	365
27	295	304
12	296	307
17	302	351
28	339	359
8	298	304
23	311	349
15	298	314
5	299	371
14	301	339
21	301	365
26	306	330
22	302	353
41	302	352
34	302	316
11	304	366
13	308	374
32	314	357
31	331	374
6	305	361
7	306	312
37	307	354
10	307	351
33	310	344
1	312	377
27	311	365
38	312	326
8	312	341
39	315	338
7	317	361
12	317	357
36	318	354
29	320	354
9	319	325
19	322	349
34	323	344
9	330	350
4	328	357
40	337	376
26	336	354
8	353	363
0	338	344
39	343	362
14	346	376
38	346	360
33	352	368
19	355	373
17	358	375
22	359	379
12	363	370
41	360	366
9	364	370
37	364	370
4	368	376
20	367	373
20	390	421
29	371	377
2	380	388
35	372	379
24	373	382
28	372	387
30	372	387
38	372	387
7	373	379
26	373	379
39	372	378
9	375	381
27	388	409
5	379	385
32	376	392
0	379	385
40	383	390
31	381	387
11	380	386
23	382	388
4	382	397
41	381	387
25	384	390
39	384	390
36	384	399
33	386	398
13	387	393
3	388	394
1	389	395
29	394	400
16	391	397
19	392	398
6	393	407
34	394	403
18	396	402
35	396	402
22	398	404
11	398	420
5	405	427
21	400	415
2	401	416
37	401	426
1	403	409
3	403	409
41	402	408
7	403	420
39	406	412
32	407	413
16	409	422
26	409	415
0	410	420
34	412	418
38	412	418
19	412	421
36	412	418
31	461	472
12	414	428
23	415	422
9	415	421
4	416	423
17	417	423
34	432	443
33	418	424
18	419	427
22	419	425
29	425	439
38	461	477
31	422	437
35	423	433
15	425	431
14	425	440
8	425	431
20	427	433
2	427	433
24	432	438
11	427	433
21	428	434
6	430	436
16	429	435
32	430	453
4	430	444
23	431	447
1	432	443
7	434	440
36	433	439
9	433	439
0	440	449
40	436	442
19	437	443
18	437	443
33	438	446
25	438	448
2	443	451
30	438	444
17	440	446
6	441	447
15	441	451
11	441	447
16	441	452
10	443	449
31	445	456
24	444	452
20	446	452
12	447	459
27	454	473
36	451	476
3	468	478
18	452	458
28	453	459
6	454	460
34	456	462
39	457	464
40	458	464
19	459	465
15	461	472
33	462	468
21	462	468
32	462	468
11	463	471
9	463	474
41	463	469
24	464	470
13	465	471
17	466	472
1	469	475
18	469	475
8	470	476
7	471	477
30	473	479
2	474	480
6	474	480
13	477	486
16	475	481
35	476	482
29	477	483
11	476	482
39	477	487
14	478	484
25	479	510
18	480	486
10	482	494
12	483	489
1	483	518
3	483	489
26	485	491
38	484	490
2	486	492
32	489	495
41	488	494
28	489	495
36	491	497
11	492	498
16	491	497
40	494	500
35	497	513
13	496	502
12	498	504
37	499	506
17	498	509
29	499	506
7	499	540
36	502	514
39	502	508
6	501	507
26	503	509
0	503	509
10	504	519
23	505	511
19	507	528
34	507	532
16	507	528
9	508	522
32	507	513
41	508	520
21	510	544
2	512	541
4	513	534
6	513	534
27	514	520
38	513	527
29	513	534
28	514	520
11	518	524
33	519	535
15	520	527
39	520	533
40	519	533
32	521	531
13	520	527
23	522	528
36	521	527
35	522	530
22	523	530
24	525	531
5	525	550
24	539	547
11	529	535
12	528	534
31	528	534
8	532	539
30	529	535
0	530	536
28	531	537
9	531	537
24	561	600
25	535	541
20	536	546
23	536	542
15	537	543
13	539	553
29	539	578
26	539	572
3	541	547
17	540	546
33	540	568
38	541	573
36	540	577
34	542	548
40	541	547
18	541	547
9	544	556
14	543	554
27	544	559
10	544	566
32	546	561
16	544	550
22	544	557
0	544	560
7	547	558
11	547	560
8	548	554
2	549	565
30	549	560
4	553	559
35	551	574
41	552	558
31	554	563
11	581	590
37	554	562
18	556	572
25	555	562
19	556	569
12	556	572
6	558	564
28	558	564
8	559	566
16	558	564
13	559	565
3	559	565
14	559	581
20	563	572
6	571	577
9	567	573
39	563	569
27	564	570
4	564	579
5	566	572
1	568	574
3	581	599
31	568	574
32	570	576
34	571	588
23	571	587
28	572	596
40	571	577
16	573	583
17	575	609
2	574	580
7	575	588
21	573	579
8	574	610
25	576	582
33	577	583
41	578	584
15	578	584
38	581	587
18	582	588
30	584	590
6	585	603
40	586	602
21	589	602
31	591	597
10	590	596
1	590	608
25	589	609
20	591	605
32	591	599
27	591	597
41	591	597
12	592	598
29	591	597
14	592	598
34	600	610
16	593	609
38	594	600
11	596	602
23	603	609
13	596	608
30	596	602
7	598	613
18	600	606
15	602	610
3	605	612
22	601	613
38	606	612
37	602	608
9	603	611
27	603	615
35	604	614
39	606	615
26	603	609
0	604	610
19	604	610
24	605	611
10	606	612
30	607	613
41	607	613
5	606	614
11	608	614
2	608	615
4	609	615
29	609	615
32	609	615